
Start Up Date 15 JUN 12 10:57 UTC       



System test passed  -No errors found    





Sounding program REV 8.36 using GPS    



Station  : 03888 PEZZI-2012

Location : 29.51 S  47.84 W      0 m



RS-number:  G2413841





Ground check  :    Ref     RS   Corr



  Pressure    : 1016.0 1015.3    0.7

  Temperature :   23.7   23.9   -0.2

  Humidity    :      0      3     -3

                     0      3     -3



Started at:      15 JUN 12 11:05 UTC    

   Time AscRate Hgt/MSL Pressure   Temp  RH   Dewp  Dir Speed

 min  s     m/s       m      hPa   degC   %   degC  deg   m/s



   0  0     0.0       0   1017.0   21.2  85   18.6   16   9.6

   0  2     4.4       9   1015.9   21.1  84   18.3   16   9.6

   0  4     4.4      18   1014.9   21.0  84   18.2   16   9.6

   0  6     4.4      26   1013.8   20.9  83   18.0    9  10.8

   0  8     4.4      35   1012.8   20.8  83   17.9    9  10.8

   0 10     4.4      44   1011.7   20.7  82   17.5    9  10.8

   0 12     4.2      52   1010.8   20.6  82   17.5    9  10.8

   0 14     4.2      60   1009.9   20.5  82   17.4    9  10.8

   0 16     4.2      69   1008.9   20.5  83   17.6    6  11.5

   0 18     4.2      77   1008.0   20.4  83   17.5    6  11.5

   0 20     4.2      85   1007.1   20.3  83   17.3    6  11.5

   0 22     4.2      93   1006.1   20.2  83   17.3    6  11.5

   0 24     4.2     101   1005.2   20.2  83   17.3    6  11.5

   0 26     4.2     109   1004.3   20.1  83   17.2    6  12.0

   0 28     4.2     117   1003.3   20.1  83   17.2    6  12.0

   0 30     4.2     125   1002.4   20.0  83   17.0    6  12.0

   0 32     3.8     132   1001.6   19.9  83   17.0    6  12.0

   0 34     3.8     139   1000.8   19.9  83   17.0    6  12.0

   0 36     3.8     145   1000.1   19.8  84   17.1    8  12.4

   0 38     3.8     152    999.3   19.8  84   17.1    8  12.4

   0 40     3.8     159    998.5   19.7  84   16.9    8  12.4

   0 42     3.5     165    997.8   19.6  84   16.9    8  12.4

   0 44     3.5     171    997.0   19.6  84   16.9    8  12.4

   0 46     3.5     178    996.3   19.5  85   17.0    9  12.6

   0 48     3.5     184    995.6   19.5  85   17.0    9  12.6

   0 50     3.5     190    994.8   19.4  85   16.8    9  12.6

   0 52     3.0     195    994.3   19.4  85   16.9    9  12.6

   0 54     3.0     200    993.7   19.3  85   16.8    9  12.6

   0 56     3.0     205    993.1   19.3  86   16.9   11  12.8

   0 58     3.0     210    992.5   19.2  86   16.8   11  12.8

   1  0     3.0     215    991.9   19.2  86   16.8   11  12.8

   1  2     2.7     220    991.4   19.2  86   16.8   11  12.8

   1  4     2.7     225    990.8   19.1  86   16.8   11  12.8

   1  6     2.7     231    990.2   19.1  86   16.8   11  12.8

   1  8     2.7     236    989.6   19.0  86   16.7   11  12.8

   1 10     2.7     241    989.0   19.0  86   16.6   11  12.8

   1 12     2.5     246    988.5   18.9  86   16.6   11  12.8

   1 14     2.5     250    988.0   18.9  86   16.6   11  12.8

   1 16     2.5     255    987.4   18.8  87   16.6   12  13.1

   1 18     2.5     259    986.9   18.8  87   16.6   12  13.1

   1 20     2.5     264    986.4   18.7  87   16.5   12  13.1

   1 22     2.5     269    985.8   18.6  87   16.4   12  13.1

   1 24     2.5     274    985.2   18.6  87   16.4   12  13.1

   1 26     2.5     279    984.6   18.5  88   16.5   12  13.4

   1 28     2.5     284    984.1   18.5  88   16.5   12  13.4

   1 30     2.5     289    983.5   18.4  88   16.4   12  13.4

   1 32     2.4     294    982.9   18.4  88   16.4   12  13.4

   1 34     2.4     299    982.3   18.4  88   16.4   12  13.4

   1 36     2.4     304    981.8   18.4  88   16.4   12  13.7

   1 38     2.4     309    981.2   18.4  88   16.4   12  13.7

   1 40     2.4     314    980.6   18.4  88   16.4   12  13.7

   1 42     2.5     319    980.0   18.4  88   16.4   12  13.7

   1 44     2.5     324    979.5   18.3  88   16.3   12  13.7

   1 46     2.5     329    978.9   18.3  88   16.3   12  13.9

   1 48     2.5     334    978.3   18.2  88   16.2   12  13.9

   1 50     2.5     339    977.7   18.2  88   16.2   12  13.9

   1 52     2.6     345    977.1   18.2  88   16.2   12  13.9

   1 54     2.6     350    976.5   18.1  88   16.1   12  13.9

   1 56     2.6     356    975.9   18.1  89   16.3   12  14.1

   1 58     2.6     361    975.3   18.0  89   16.2   12  14.1

   2  0     2.6     367    974.7   18.0  89   16.2   12  14.1

   2  2     2.4     371    974.2   18.0  89   16.2   12  14.1

   2  4     2.4     375    973.8   17.9  88   15.9   12  14.1

   2  6     2.4     378    973.4   17.9  88   15.9   12  14.3

   2  8     2.4     382    972.9   17.8  87   15.7   12  14.3

   2 10     2.4     386    972.5   17.8  87   15.6   12  14.3

   2 12     2.3     391    972.0   17.8  87   15.7   12  14.3

   2 14     2.3     395    971.5   17.7  87   15.6   12  14.3

   2 16     2.3     400    970.9   17.7  87   15.6   12  14.5

   2 18     2.3     404    970.4   17.6  87   15.5   12  14.5

   2 20     2.3     409    969.9   17.6  87   15.4   12  14.5

   2 22     2.1     413    969.4   17.6  87   15.5   12  14.5

   2 24     2.1     417    969.0   17.6  87   15.5   12  14.5

   2 26     2.1     421    968.5   17.5  87   15.4   12  14.6

   2 28     2.1     425    968.0   17.5  87   15.4   12  14.6

   2 30     2.1     429    967.5   17.5  87   15.3   12  14.6

   2 32     2.1     433    967.1   17.5  87   15.4   12  14.6

   2 34     2.1     437    966.7   17.5  87   15.4   12  14.6

   2 36     2.1     440    966.3   17.4  87   15.3   12  14.7

   2 38     2.1     444    965.8   17.4  87   15.3   12  14.7

   2 40     2.1     448    965.4   17.4  87   15.2   12  14.7

   2 42     2.1     453    964.9   17.4  87   15.3   12  14.7

   2 44     2.1     457    964.4   17.3  87   15.2   12  14.7

   2 46     2.1     462    963.9   17.3  87   15.2   12  14.7

   2 48     2.1     466    963.3   17.2  87   15.1   12  14.7

   2 50     2.1     471    962.8   17.2  87   15.0   12  14.7

   2 52     2.1     475    962.4   17.2  87   15.1   12  14.7

   2 54     2.1     479    961.9   17.2  87   15.1   12  14.7

   2 56     2.1     484    961.4   17.1  87   15.0   11  14.9

   2 58     2.1     488    960.9   17.1  87   15.0   11  14.9

   3  0     2.1     492    960.5   17.1  87   14.9   11  14.9

   3  2     2.1     496    960.1   17.1  86   14.8   11  14.9

   3  4     2.1     500    959.6   17.1  86   14.8   11  14.9

   3  6     2.1     503    959.2   17.1  85   14.6   11  15.0

   3  8     2.1     507    958.8   17.1  85   14.6   11  15.0

   3 10     2.1     511    958.4   17.1  84   14.4   11  15.0

   3 12     2.0     515    957.9   17.1  84   14.4   11  15.0

   3 14     2.0     519    957.4   17.1  84   14.4   11  15.0

   3 16     2.0     524    957.0   17.0  85   14.5   11  15.2

   3 18     2.0     528    956.5   17.0  85   14.5   11  15.2

   3 20     2.0     532    956.0   17.0  85   14.5   11  15.2

   3 22     2.0     536    955.6   17.0  85   14.5   11  15.2

   3 24     2.0     540    955.2   17.0  85   14.5   11  15.2

   3 26     2.0     543    954.8   16.9  85   14.4   12  15.4

   3 28     2.0     547    954.4   16.9  85   14.4   12  15.4

   3 30     2.0     551    953.9   16.9  85   14.4   12  15.4

   3 32     1.9     555    953.5   16.9  85   14.4   12  15.4

   3 34     1.9     558    953.1   16.9  85   14.4   12  15.4

   3 36     1.9     562    952.7   16.8  85   14.3   12  15.5

   3 38     1.9     565    952.3   16.8  85   14.3   12  15.5

   3 40     1.9     569    951.8   16.8  85   14.3   12  15.5

   3 42     1.9     573    951.4   16.8  85   14.3   12  15.5

   3 44     1.9     577    951.0   16.8  84   14.1   12  15.5

   3 46     1.9     580    950.6   16.7  84   14.0   12  15.6

   3 48     1.9     584    950.2   16.7  83   13.8   12  15.6

   3 50     1.9     588    949.8   16.7  83   13.8   12  15.6

   3 52     1.9     592    949.3   16.7  82   13.7   12  15.6

   3 54     1.9     596    948.9   16.7  82   13.7   12  15.6

   3 56     1.9     599    948.5   16.7  81   13.5   12  15.8

   3 58     1.9     603    948.1   16.7  81   13.5   12  15.8

   4  0     1.9     607    947.7   16.7  80   13.2   12  15.8

   4  2     1.9     611    947.3   16.7  80   13.3   12  15.8

   4  4     1.9     615    946.8   16.6  81   13.4   12  15.8

   4  6     1.9     618    946.4   16.6  81   13.4   12  15.9

   4  8     1.9     622    946.0   16.5  82   13.5   12  15.9

   4 10     1.9     626    945.6   16.5  82   13.4   12  15.9

   4 12     1.9     630    945.2   16.5  82   13.5   12  15.9

   4 14     1.9     633    944.8   16.5  82   13.5   12  15.9

   4 16     1.9     637    944.3   16.4  82   13.4   12  16.0

   4 18     1.9     640    943.9   16.4  82   13.4   12  16.0

   4 20     1.9     644    943.5   16.4  82   13.3   12  16.0

   4 22     1.8     647    943.1   16.4  82   13.4   12  16.0

   4 24     1.8     651    942.8   16.3  82   13.3   12  16.0

   4 26     1.8     654    942.4   16.3  83   13.5   12  16.0

   4 28     1.8     658    942.0   16.2  83   13.4   12  16.0

   4 30     1.8     661    941.7   16.2  83   13.3   12  16.0

   4 32     1.7     664    941.3   16.2  83   13.4   12  16.0

   4 34     1.7     668    940.9   16.2  83   13.4   12  16.0

   4 36     1.7     671    940.6   16.1  84   13.4   12  16.1

   4 38     1.7     675    940.2   16.1  84   13.4   12  16.1

   4 40     1.7     678    939.8   16.1  84   13.4   12  16.1

   4 42     1.7     681    939.5   16.1  84   13.4   12  16.1

   4 44     1.7     684    939.1   16.1  84   13.4   12  16.1

   4 46     1.7     688    938.7   16.0  84   13.3   12  16.2

   4 48     1.7     691    938.4   16.0  84   13.3   12  16.2

   4 50     1.7     694    938.0   16.0  84   13.3   12  16.2

   4 52     1.7     698    937.6   16.0  84   13.3   12  16.2

   4 54     1.7     702    937.2   15.9  84   13.2   12  16.2

   4 56     1.7     705    936.8   15.9  83   13.1   12  16.3

   4 58     1.7     709    936.4   15.8  83   13.0   12  16.3

   5  0     1.7     713    935.9   15.8  83   12.9   12  16.3

   5  2     1.7     716    935.6   15.8  83   13.0   12  16.3

   5  4     1.7     720    935.2   15.8  83   13.0   12  16.3

   5  6     1.7     723    934.8   15.7  84   13.1   13  16.2

   5  8     1.7     727    934.5   15.7  84   13.1   13  16.2

   5 10     1.7     730    934.1   15.7  84   13.0   13  16.2

   5 12     1.7     733    933.8   15.7  84   13.1   13  16.2

   5 14     1.7     736    933.4   15.7  84   13.1   13  16.2

   5 16     1.7     740    933.0   15.7  84   13.1   14  16.1

   5 18     1.7     743    932.7   15.7  84   13.1   14  16.1

   5 20     1.7     746    932.3   15.7  84   13.0   14  16.1

   5 22     1.7     749    931.9   15.7  84   13.1   14  16.1

   5 24     1.7     753    931.6   15.6  83   12.8   14  16.1

   5 26     1.7     756    931.2   15.6  83   12.8   15  15.9

   5 28     1.7     760    930.8   15.5  82   12.5   15  15.9

   5 30     1.7     763    930.5   15.5  82   12.5   15  15.9

   5 32     1.7     766    930.1   15.6  81   12.4   15  15.9

   5 34     1.7     770    929.7   15.7  81   12.5   15  15.9

   5 36     1.7     773    929.4   15.9  80   12.5   16  15.5

   5 38     1.7     777    929.0   16.0  80   12.6   16  15.5

   5 40     1.7     780    928.7   16.1  79   12.5   16  15.5

   5 42     1.7     783    928.3   16.2  77   12.2   16  15.5

   5 44     1.7     786    927.9   16.3  75   11.9   16  15.5

   5 46     1.7     790    927.6   16.4  74   11.8   18  15.1

   5 48     1.7     793    927.2   16.5  72   11.5   18  15.1

   5 50     1.7     796    926.8   16.6  70   11.1   18  15.1

   5 52     1.7     799    926.5   16.7  69   11.0   18  15.1

   5 54     1.7     803    926.1   16.8  67   10.7   18  15.1

   5 56     1.7     806    925.8   17.0  66   10.7   20  14.6

   5 58     1.7     810    925.4   17.1  64   10.3   20  14.6

   6  0     1.7     813    925.0   17.2  63   10.1   20  14.6

   6  2     1.7     816    924.7   17.3  62   10.0   20  14.6

   6  4     1.7     820    924.3   17.4  61    9.9   20  14.6

   6  6     1.7     823    924.0   17.5  59    9.5   21  13.9

   6  8     1.7     827    923.6   17.6  58    9.3   21  13.9

   6 10     1.7     830    923.2   17.7  57    9.1   21  13.9

   6 12     1.7     833    922.9   17.8  56    9.0   21  13.9

   6 14     1.7     836    922.5   17.9  55    8.8   21  13.9

   6 16     1.7     840    922.2   18.1  54    8.7   22  13.3

   6 18     1.7     843    921.8   18.2  53    8.5   22  13.3

   6 20     1.7     846    921.4   18.3  52    8.3   22  13.3

   6 22     1.7     849    921.1   18.4  51    8.2   22  13.3

   6 24     1.7     853    920.7   18.5  50    8.0   22  13.3

   6 26     1.7     856    920.4   18.6  48    7.4   22  12.7

   6 28     1.7     860    920.0   18.7  47    7.2   22  12.7

   6 30     1.7     863    919.6   18.8  46    7.0   22  12.7

   6 32     1.7     866    919.3   18.9  44    6.5   22  12.7

   6 34     1.7     870    918.9   19.0  43    6.2   22  12.7

   6 36     1.7     873    918.6   19.2  41    5.7   22  12.2

   6 38     1.7     877    918.2   19.3  40    5.4   22  12.2

   6 40     1.7     880    917.8   19.4  38    4.8   22  12.2

   6 42     1.6     883    917.5   19.5  36    4.1   22  12.2

   6 44     1.6     886    917.2   19.6  34    3.4   22  12.2

   6 46     1.6     889    916.9   19.7  33    3.1   21  11.6

   6 48     1.6     892    916.6   19.8  31    2.3   21  11.6

   6 50     1.6     895    916.3   19.9  29    1.4   21  11.6

   6 52     1.6     898    915.9   20.0  25   -0.5   21  11.6

   6 54     1.6     901    915.6   20.1  21   -2.8   21  11.6

   6 56     1.6     905    915.2   20.2  16   -6.3   19  11.1

   6 58     1.6     908    914.8   20.3  12  -10.0   19  11.1

   7  0     1.6     911    914.5   20.4   8  -15.0   19  11.1

   7  2     1.5     914    914.2   20.4   8  -14.9   19  11.1

   7  4     1.5     917    913.9   20.5   8  -14.8   19  11.1

   7  6     1.5     920    913.5   20.5   7  -16.4   17  10.6

   7  8     1.5     923    913.2   20.6   7  -16.4   17  10.6

   7 10     1.5     926    912.9   20.6   7  -16.4   17  10.6

   7 12     1.5     929    912.6   20.6   7  -16.4   17  10.6

   7 14     1.5     932    912.3   20.7   7  -16.3   17  10.6

   7 16     1.5     935    912.0   20.7   6  -18.1   14  10.1

   7 18     1.5     938    911.7   20.8   6  -18.1   14  10.1

   7 20     1.5     941    911.4   20.8   6  -18.1   14  10.1

   7 22     1.5     944    911.1   20.8   6  -18.1   14  10.1

   7 24     1.5     947    910.7   20.8   6  -18.1   14  10.1

   7 26     1.5     949    910.4   20.9   6  -18.0   12   9.7

   7 28     1.5     952    910.1   20.9   6  -18.0   12   9.7

   7 30     1.5     955    909.8   20.9   6  -18.0   12   9.7

   7 32     1.5     958    909.5   20.9   6  -18.0   12   9.7

   7 34     1.5     961    909.2   20.9   6  -18.0   12   9.7

   7 36     1.5     964    908.9   20.9   6  -18.0   11   9.3

   7 38     1.5     967    908.6   20.9   6  -18.0   11   9.3

   7 40     1.5     970    908.3   20.9   6  -18.0   11   9.3

   7 42     1.5     973    907.9   20.9   6  -18.0   11   9.3

   7 44     1.5     976    907.6   20.9   6  -18.0   11   9.3

   7 46     1.5     979    907.3   20.9   7  -16.2   10   9.0

   7 48     1.5     982    907.0   20.9   7  -16.2   10   9.0

   7 50     1.5     985    906.7   20.9   7  -16.2   10   9.0

   7 52     1.5     988    906.4   20.9   7  -16.2   10   9.0

   7 54     1.5     991    906.1   20.9   7  -16.2   10   9.0

   7 56     1.5     994    905.8   20.8   7  -16.2    9   8.8

   7 58     1.5     997    905.5   20.8   7  -16.2    9   8.8

   8  0     1.5    1000    905.2   20.8   7  -16.3    9   8.8

   8  2     1.5    1003    904.8   20.8   7  -16.2    9   8.8

   8  4     1.5    1006    904.5   20.8   7  -16.2    9   8.8

   8  6     1.5    1008    904.2   20.8   7  -16.2    9   8.5

   8  8     1.5    1011    903.9   20.8   7  -16.2    9   8.5

   8 10     1.5    1014    903.6   20.8   7  -16.3    9   8.5

   8 12     1.5    1017    903.3   20.8   7  -16.2    9   8.5

   8 14     1.5    1021    902.9   20.8   7  -16.2    9   8.5

   8 16     1.5    1024    902.6   20.7   8  -14.7    9   8.3

   8 18     1.5    1028    902.2   20.7   8  -14.7    9   8.3

   8 20     1.5    1031    901.8   20.7   8  -14.7    9   8.3

   8 22     1.5    1034    901.5   20.7   8  -14.7    9   8.3

   8 24     1.5    1037    901.2   20.7   8  -14.7    9   8.3

   8 26     1.5    1040    900.9   20.6   8  -14.8    9   8.2

   8 28     1.5    1043    900.6   20.6   8  -14.8    9   8.2

   8 30     1.5    1046    900.3   20.6   8  -14.8    9   8.2

   8 32     1.6    1049    900.0   20.6   8  -14.8    9   8.2

   8 34     1.6    1053    899.6   20.6   9  -13.3    9   8.2

   8 36     1.6    1056    899.3   20.5   9  -13.4    9   8.1

   8 38     1.6    1060    898.9   20.5  10  -12.1    9   8.1

   8 40     1.6    1063    898.5   20.5  10  -12.1    9   8.1

   8 42     1.5    1066    898.2   20.5  11  -10.9    9   8.1

   8 44     1.5    1069    897.9   20.5  12   -9.8    9   8.1

   8 46     1.5    1071    897.6   20.4  12   -9.9   10   8.1

   8 48     1.5    1074    897.3   20.4  13   -8.9   10   8.1

   8 50     1.5    1077    897.0   20.4  14   -8.0   10   8.1

   8 52     1.6    1080    896.7   20.4  15   -7.0   10   8.1

   8 54     1.6    1084    896.3   20.4  16   -6.2   10   8.1

   8 56     1.6    1087    896.0   20.4  16   -6.2   10   8.1

   8 58     1.6    1091    895.6   20.4  17   -5.4   10   8.1

   9  0     1.6    1094    895.3   20.4  18   -4.7   10   8.1

   9  2     1.6    1097    894.9   20.4  18   -4.6   10   8.1

   9  4     1.6    1101    894.6   20.4  18   -4.6   10   8.1

   9  6     1.6    1104    894.2   20.4  19   -3.9   11   8.1

   9  8     1.6    1108    893.9   20.4  19   -3.9   11   8.1

   9 10     1.6    1111    893.5   20.4  19   -4.0   11   8.1

   9 12     1.8    1115    893.1   20.4  19   -3.9   11   8.1

   9 14     1.8    1119    892.7   20.4  19   -3.9   11   8.1

   9 16     1.8    1122    892.3   20.3  19   -4.0   13   8.2

   9 18     1.8    1126    891.9   20.3  19   -4.0   13   8.2

   9 20     1.8    1130    891.6   20.3  19   -4.0   13   8.2

   9 22     1.8    1133    891.2   20.3  19   -4.0   13   8.2

   9 24     1.8    1137    890.9   20.3  19   -4.0   13   8.2

   9 26     1.8    1140    890.5   20.2  19   -4.1   14   8.3

   9 28     1.8    1144    890.2   20.2  19   -4.1   14   8.3

   9 30     1.8    1147    889.8   20.2  19   -4.1   14   8.3

   9 32     1.8    1150    889.5   20.2  19   -4.1   14   8.3

   9 34     1.8    1154    889.1   20.2  19   -4.1   14   8.3

   9 36     1.8    1157    888.8   20.1  20   -3.5   16   8.4

   9 38     1.8    1161    888.4   20.1  20   -3.5   16   8.4

   9 40     1.8    1164    888.1   20.1  20   -3.5   16   8.4

   9 42     1.7    1167    887.7   20.1  20   -3.5   16   8.4

   9 44     1.7    1170    887.4   20.0  20   -3.6   16   8.4

   9 46     1.7    1174    887.0   20.0  21   -2.9   17   8.4

   9 48     1.7    1177    886.7   19.9  21   -3.0   17   8.4

   9 50     1.7    1180    886.3   19.9  21   -3.0   17   8.4

   9 52     1.7    1184    886.0   19.9  21   -3.0   17   8.4

   9 54     1.7    1188    885.6   19.9  21   -3.0   17   8.4

   9 56     1.7    1191    885.2   19.8  22   -2.4   18   8.5

   9 58     1.7    1195    884.8   19.8  22   -2.4   18   8.5

  10  0     1.7    1199    884.4   19.8  22   -2.5   18   8.5

  10  2     1.7    1202    884.1   19.8  22   -2.4   18   8.5

  10  4     1.7    1206    883.7   19.7  22   -2.5   18   8.5

  10  6     1.7    1209    883.4   19.7  23   -1.9   19   8.5

  10  8     1.7    1213    883.0   19.6  23   -2.0   19   8.5

  10 10     1.7    1216    882.7   19.6  23   -2.1   19   8.5

  10 12     1.8    1219    882.3   19.6  23   -2.0   19   8.5

  10 14     1.8    1223    882.0   19.6  23   -2.0   19   8.5

  10 16     1.8    1226    881.6   19.5  24   -1.5   19   8.4

  10 18     1.8    1230    881.3   19.5  24   -1.5   19   8.4

  10 20     1.8    1233    881.0   19.5  24   -1.6   19   8.4

  10 22     1.7    1236    880.6   19.5  24   -1.5   19   8.4

  10 24     1.7    1240    880.3   19.5  24   -1.5   19   8.4

  10 26     1.7    1243    879.9   19.4  24   -1.6   19   8.4

  10 28     1.7    1247    879.6   19.4  24   -1.6   19   8.4

  10 30     1.7    1250    879.2   19.4  24   -1.6   19   8.4

  10 32     1.7    1253    878.9   19.3  24   -1.7   19   8.4

  10 34     1.7    1256    878.5   19.3  24   -1.7   19   8.4

  10 36     1.7    1260    878.2   19.2  24   -1.8   19   8.4

  10 38     1.7    1263    877.9   19.2  24   -1.8   19   8.4

  10 40     1.7    1266    877.5   19.1  24   -1.9   19   8.4

  10 42     1.7    1270    877.1   19.1  24   -1.9   19   8.4

  10 44     1.7    1274    876.7   19.1  24   -1.9   19   8.4

  10 46     1.7    1277    876.4   19.0  25   -1.4   19   8.5

  10 48     1.7    1281    876.0   19.0  25   -1.4   19   8.5

  10 50     1.7    1285    875.6   19.0  25   -1.4   19   8.5

  10 52     1.7    1288    875.3   19.0  25   -1.4   19   8.5

  10 54     1.7    1292    874.9   19.0  25   -1.4   19   8.5

  10 56     1.7    1295    874.6   18.9  25   -1.5   20   8.6

  10 58     1.7    1299    874.2   18.9  25   -1.5   20   8.6

  11  0     1.7    1302    873.9   18.9  25   -1.5   20   8.6

  11  2     1.8    1305    873.5   18.9  25   -1.5   20   8.6

  11  4     1.8    1309    873.2   18.8  25   -1.6   20   8.6

  11  6     1.8    1312    872.9   18.8  25   -1.6   20   8.7

  11  8     1.8    1316    872.5   18.7  25   -1.6   20   8.7

  11 10     1.8    1319    872.2   18.7  25   -1.7   20   8.7

  11 12     1.7    1322    871.8   18.7  25   -1.6   20   8.7

  11 14     1.7    1325    871.5   18.7  25   -1.6   20   8.7

  11 16     1.7    1329    871.2   18.6  25   -1.7   20   8.8

  11 18     1.7    1332    870.8   18.6  25   -1.7   20   8.8

  11 20     1.7    1335    870.5   18.6  25   -1.8   20   8.8

  11 22     1.7    1339    870.1   18.6  25   -1.7   20   8.8

  11 24     1.7    1343    869.7   18.5  25   -1.8   20   8.8

  11 26     1.7    1346    869.3   18.5  26   -1.3   21   9.0

  11 28     1.7    1350    868.9   18.4  26   -1.4   21   9.0

  11 30     1.7    1354    868.6   18.4  26   -1.4   21   9.0

  11 32     1.7    1357    868.2   18.4  26   -1.4   21   9.0

  11 34     1.7    1361    867.9   18.4  26   -1.4   21   9.0

  11 36     1.7    1364    867.6   18.3  27   -0.9   21   9.1

  11 38     1.7    1368    867.2   18.3  27   -0.9   21   9.1

  11 40     1.7    1371    866.9   18.3  27   -1.0   21   9.1

  11 42     1.7    1374    866.6   18.3  27   -0.9   21   9.1

  11 44     1.7    1377    866.3   18.3  27   -0.9   21   9.1

  11 46     1.7    1379    866.0   18.2  27   -1.0   21   9.3

  11 48     1.7    1382    865.7   18.2  27   -1.0   21   9.3

  11 50     1.7    1385    865.4   18.2  27   -1.1   21   9.3

  11 52     1.7    1389    865.0   18.2  27   -1.0   21   9.3

  11 54     1.7    1393    864.6   18.2  27   -1.0   21   9.3

  11 56     1.7    1396    864.3   18.1  28   -0.6   21   9.4

  11 58     1.7    1400    863.9   18.1  28   -0.6   21   9.4

  12  0     1.7    1404    863.5   18.1  28   -0.7   21   9.4

  12  2     1.6    1407    863.2   18.1  28   -0.6   21   9.4

  12  4     1.6    1410    862.9   18.1  28   -0.6   21   9.4

  12  6     1.6    1413    862.6   18.0  29   -0.2   20   9.5

  12  8     1.6    1416    862.3   18.0  29   -0.2   20   9.5

  12 10     1.6    1419    862.0   18.0  29   -0.3   20   9.5

  12 12     1.6    1422    861.7   18.0  29   -0.2   20   9.5

  12 14     1.6    1425    861.4   18.0  29   -0.2   20   9.5

  12 16     1.6    1427    861.1   17.9  29   -0.3   20   9.5

  12 18     1.6    1430    860.8   17.9  29   -0.3   20   9.5

  12 20     1.6    1433    860.5   17.9  29   -0.3   20   9.5

  12 22     1.5    1436    860.3   17.9  29   -0.3   20   9.5

  12 24     1.5    1439    860.0   17.9  29   -0.3   20   9.5

  12 26     1.5    1442    859.7   17.9  29   -0.3   21   9.6

  12 28     1.5    1445    859.4   17.9  29   -0.3   21   9.6

  12 30     1.5    1448    859.1   17.9  29   -0.3   21   9.6

  12 32     1.5    1451    858.8   17.9  29   -0.3   21   9.6

  12 34     1.5    1454    858.5   17.9  29   -0.3   21   9.6

  12 36     1.5    1457    858.2   17.8  29   -0.4   21   9.8

  12 38     1.5    1460    857.9   17.8  29   -0.4   21   9.8

  12 40     1.5    1463    857.6   17.8  29   -0.4   21   9.8

  12 42     1.5    1466    857.3   17.8  29   -0.4   21   9.8

  12 44     1.5    1469    856.9   17.8  29   -0.4   21   9.8

  12 46     1.5    1473    856.6   17.7  29   -0.5   22   9.8

  12 48     1.5    1476    856.3   17.7  29   -0.5   22   9.8

  12 50     1.5    1479    855.9   17.7  29   -0.5   22   9.8

  12 52     1.5    1482    855.6   17.7  29   -0.5   22   9.8

  12 54     1.5    1485    855.4   17.7  29   -0.5   22   9.8

  12 56     1.5    1488    855.1   17.6  30   -0.1   23   9.8

  12 58     1.5    1491    854.8   17.6  30   -0.1   23   9.8

  13  0     1.5    1494    854.5   17.6  30   -0.1   23   9.8

  13  2     1.5    1497    854.2   17.6  30   -0.1   23   9.8

  13  4     1.5    1500    853.9   17.6  30   -0.1   23   9.8

  13  6     1.5    1503    853.6   17.5  30   -0.2   24   9.8

  13  8     1.5    1506    853.3   17.5  30   -0.2   24   9.8

  13 10     1.5    1509    853.0   17.5  30   -0.2   24   9.8

  13 12     1.5    1512    852.7   17.5  30   -0.2   24   9.8

  13 14     1.5    1515    852.4   17.5  30   -0.2   24   9.8

  13 16     1.5    1517    852.1   17.4  31    0.2   24   9.8

  13 18     1.5    1520    851.9   17.4  31    0.2   24   9.8

  13 20     1.5    1523    851.6   17.4  31    0.1   24   9.8

  13 22     1.5    1526    851.3   17.4  31    0.2   24   9.8

  13 24     1.5    1529    851.0   17.4  32    0.6   24   9.8

  13 26     1.5    1532    850.7   17.3  32    0.5   24   9.7

  13 28     1.5    1535    850.4   17.3  33    1.0   24   9.7

  13 30     1.5    1538    850.1   17.3  33    0.9   24   9.7

  13 32     1.4    1541    849.8   17.3  33    1.0   24   9.7

  13 34     1.4    1544    849.5   17.2  34    1.3   24   9.7

  13 36     1.4    1546    849.2   17.2  34    1.3   25   9.5

  13 38     1.4    1549    848.9   17.1  35    1.6   25   9.5

  13 40     1.4    1552    848.7   17.1  35    1.6   25   9.5

  13 42     1.5    1555    848.4   17.1  35    1.6   25   9.5

  13 44     1.5    1558    848.1   17.1  36    2.0   25   9.5

  13 46     1.5    1561    847.8   17.0  36    1.9   25   9.3

  13 48     1.5    1564    847.5   17.0  37    2.3   25   9.3

  13 50     1.5    1567    847.2   17.0  37    2.2   25   9.3

  13 52     1.4    1570    846.9   17.0  37    2.3   25   9.3

  13 54     1.4    1573    846.6   17.0  38    2.7   25   9.3

  13 56     1.4    1575    846.3   16.9  38    2.6   25   9.1

  13 58     1.4    1578    846.0   16.9  39    2.9   25   9.1

  14  0     1.4    1581    845.8   16.9  39    2.9   25   9.1

  14  2     1.4    1584    845.5   16.9  39    2.9   25   9.1

  14  4     1.4    1586    845.3   16.8  39    2.8   25   9.1

  14  6     1.4    1589    845.0   16.8  38    2.5   24   9.0

  14  8     1.4    1591    844.8   16.7  38    2.4   24   9.0

  14 10     1.4    1594    844.5   16.7  38    2.3   24   9.0

  14 12     1.4    1597    844.2   16.7  38    2.4   24   9.0

  14 14     1.4    1600    843.9   16.7  38    2.4   24   9.0

  14 16     1.4    1602    843.7   16.6  38    2.3   24   8.9

  14 18     1.4    1605    843.4   16.6  38    2.3   24   8.9

  14 20     1.4    1608    843.1   16.6  38    2.3   24   8.9

  14 22     1.4    1611    842.8   16.6  38    2.3   24   8.9

  14 24     1.4    1614    842.5   16.6  38    2.3   24   8.9

  14 26     1.4    1617    842.2   16.5  39    2.6   24   8.8

  14 28     1.4    1620    841.9   16.5  39    2.6   24   8.8

  14 30     1.4    1623    841.6   16.5  39    2.5   24   8.8

  14 32     1.4    1626    841.4   16.5  39    2.6   24   8.8

  14 34     1.4    1629    841.1   16.5  39    2.6   24   8.8

  14 36     1.4    1631    840.8   16.4  39    2.5   23   8.7

  14 38     1.4    1634    840.5   16.4  39    2.5   23   8.7

  14 40     1.4    1637    840.2   16.4  39    2.4   23   8.7

  14 42     1.5    1640    839.9   16.4  39    2.5   23   8.7

  14 44     1.5    1643    839.6   16.4  39    2.5   23   8.7

  14 46     1.5    1646    839.3   16.3  39    2.4   23   8.7

  14 48     1.5    1649    839.1   16.3  39    2.4   23   8.7

  14 50     1.5    1652    838.8   16.3  39    2.4   23   8.7

  14 52     1.5    1655    838.5   16.3  39    2.4   23   8.7

  14 54     1.5    1658    838.2   16.3  38    2.0   23   8.7

  14 56     1.5    1661    837.9   16.2  38    1.9   22   8.6

  14 58     1.5    1664    837.6   16.2  37    1.6   22   8.6

  15  0     1.5    1667    837.3   16.2  37    1.5   22   8.6

  15  2     1.4    1669    837.1   16.2  37    1.6   22   8.6

  15  4     1.4    1672    836.8   16.1  37    1.5   22   8.6

  15  6     1.4    1674    836.6   16.1  38    1.9   22   8.6

  15  8     1.4    1677    836.4   16.0  38    1.8   22   8.6

  15 10     1.4    1679    836.1   16.0  38    1.7   22   8.6

  15 12     1.5    1682    835.8   16.0  38    1.8   22   8.6

  15 14     1.5    1686    835.5   16.0  38    1.8   22   8.6

  15 16     1.5    1689    835.1   15.9  39    2.0   21   8.5

  15 18     1.5    1693    834.8   15.9  39    2.0   21   8.5

  15 20     1.5    1696    834.5   15.9  39    2.0   21   8.5

  15 22     1.4    1699    834.2   15.9  39    2.0   21   8.5

  15 24     1.4    1702    833.9   15.9  39    2.0   21   8.5

  15 26     1.4    1704    833.6   15.8  39    1.9   20   8.4

  15 28     1.4    1707    833.3   15.8  39    1.9   20   8.4

  15 30     1.4    1710    833.1   15.8  39    1.9   20   8.4

  15 32     1.4    1712    832.8   15.8  39    1.9   20   8.4

  15 34     1.4    1715    832.6   15.8  39    1.9   20   8.4

  15 36     1.4    1717    832.3   15.7  39    1.9   20   8.4

  15 38     1.4    1720    832.1   15.7  39    1.9   20   8.4

  15 40     1.4    1722    831.8   15.7  39    1.8   20   8.4

  15 42     1.3    1725    831.6   15.7  39    1.9   20   8.4

  15 44     1.3    1727    831.3   15.7  39    1.9   20   8.4

  15 46     1.3    1730    831.1   15.6  39    1.8   19   8.3

  15 48     1.3    1732    830.9   15.6  39    1.8   19   8.3

  15 50     1.3    1735    830.6   15.6  39    1.7   19   8.3

  15 52     1.3    1738    830.3   15.6  39    1.8   19   8.3

  15 54     1.3    1741    830.0   15.5  39    1.7   19   8.3

  15 56     1.3    1743    829.8   15.5  38    1.3   19   8.1

  15 58     1.3    1746    829.5   15.4  38    1.2   19   8.1

  16  0     1.3    1749    829.2   15.4  38    1.2   19   8.1

  16  2     1.3    1752    829.0   15.4  38    1.2   19   8.1

  16  4     1.3    1754    828.7   15.4  38    1.2   19   8.1

  16  6     1.3    1757    828.5   15.3  39    1.5   18   8.1

  16  8     1.3    1759    828.2   15.3  39    1.5   18   8.1

  16 10     1.3    1762    828.0   15.3  39    1.5   18   8.1

  16 12     1.4    1765    827.7   15.3  39    1.5   18   8.1

  16 14     1.4    1768    827.4   15.3  39    1.5   18   8.1

  16 16     1.4    1770    827.1   15.2  40    1.8   18   8.0

  16 18     1.4    1773    826.9   15.2  40    1.8   18   8.0

  16 20     1.4    1776    826.6   15.2  40    1.7   18   8.0

  16 22     1.4    1779    826.3   15.2  40    1.8   18   8.0

  16 24     1.4    1782    826.0   15.1  40    1.7   18   8.0

  16 26     1.4    1785    825.7   15.1  40    1.7   18   8.0

  16 28     1.4    1788    825.4   15.0  40    1.6   18   8.0

  16 30     1.4    1791    825.2   15.0  40    1.5   18   8.0

  16 32     1.4    1793    824.9   15.0  40    1.6   18   8.0

  16 34     1.4    1796    824.7   15.0  40    1.6   18   8.0

  16 36     1.4    1798    824.4   15.0  39    1.2   17   7.9

  16 38     1.4    1801    824.2   15.0  39    1.2   17   7.9

  16 40     1.4    1803    824.0   15.0  39    1.2   17   7.9

  16 42     1.4    1806    823.7   15.0  39    1.2   17   7.9

  16 44     1.4    1809    823.4   15.0  39    1.2   17   7.9

  16 46     1.4    1812    823.1   14.9  39    1.1   17   7.8

  16 48     1.4    1815    822.8   14.9  39    1.1   17   7.8

  16 50     1.4    1818    822.5   14.9  39    1.1   17   7.8

  16 52     1.4    1821    822.3   14.9  39    1.1   17   7.8

  16 54     1.4    1824    822.0   14.9  39    1.1   17   7.8

  16 56     1.4    1826    821.7   14.8  39    1.0   16   7.7

  16 58     1.4    1829    821.4   14.8  39    1.0   16   7.7

  17  0     1.4    1832    821.1   14.8  39    1.0   16   7.7

  17  2     1.5    1835    820.9   14.8  39    1.0   16   7.7

  17  4     1.5    1838    820.6   14.7  39    1.0   16   7.7

  17  6     1.5    1841    820.3   14.7  39    1.0   15   7.6

  17  8     1.5    1844    820.0   14.6  39    0.9   15   7.6

  17 10     1.5    1847    819.7   14.6  39    0.8   15   7.6

  17 12     1.4    1850    819.5   14.6  39    0.9   15   7.6

  17 14     1.4    1853    819.2   14.5  39    0.8   15   7.6

  17 16     1.4    1855    818.9   14.5  40    1.1   15   7.5

  17 18     1.4    1858    818.6   14.4  40    1.0   15   7.5

  17 20     1.4    1861    818.3   14.4  40    1.0   15   7.5

  17 22     1.4    1864    818.1   14.4  40    1.0   15   7.5

  17 24     1.4    1867    817.8   14.4  40    1.0   15   7.5

  17 26     1.4    1869    817.5   14.3  40    1.0   14   7.4

  17 28     1.4    1872    817.2   14.3  40    1.0   14   7.4

  17 30     1.4    1875    816.9   14.3  40    0.9   14   7.4

  17 32     1.4    1878    816.7   14.3  40    1.0   14   7.4

  17 34     1.4    1880    816.5   14.3  40    1.0   14   7.4

  17 36     1.4    1883    816.2   14.2  40    0.9   13   7.3

  17 38     1.4    1885    816.0   14.2  40    0.9   13   7.3

  17 40     1.4    1888    815.7   14.2  40    0.8   13   7.3

  17 42     1.4    1891    815.5   14.2  40    0.9   13   7.3

  17 44     1.4    1894    815.2   14.2  39    0.5   13   7.3

  17 46     1.4    1896    814.9   14.1  39    0.4   12   7.2

  17 48     1.4    1899    814.6   14.1  38    0.1   12   7.2

  17 50     1.4    1902    814.4   14.1  38    0.0   12   7.2

  17 52     1.4    1905    814.1   14.1  38    0.1   12   7.2

  17 54     1.4    1908    813.8   14.0  38   -0.0   12   7.2

  17 56     1.4    1911    813.5   14.0  39    0.3   11   7.0

  17 58     1.4    1914    813.2   13.9  39    0.2   11   7.0

  18  0     1.4    1917    813.0   13.9  39    0.2   11   7.0

  18  2     1.4    1920    812.7   13.9  39    0.2   11   7.0

  18  4     1.4    1923    812.4   13.9  39    0.2   11   7.0

  18  6     1.4    1925    812.1   13.8  40    0.5   10   6.9

  18  8     1.4    1928    811.9   13.8  40    0.5   10   6.9

  18 10     1.4    1931    811.6   13.8  40    0.5   10   6.9

  18 12     1.4    1934    811.3   13.8  40    0.5   10   6.9

  18 14     1.4    1937    811.0   13.8  40    0.5   10   6.9

  18 16     1.4    1939    810.7   13.7  40    0.4    9   6.7

  18 18     1.4    1942    810.5   13.7  40    0.4    9   6.7

  18 20     1.4    1945    810.2   13.7  40    0.4    9   6.7

  18 22     1.4    1948    809.9   13.7  40    0.4    9   6.7

  18 24     1.4    1951    809.6   13.7  40    0.4    9   6.7

  18 26     1.4    1954    809.4   13.6  40    0.3    8   6.5

  18 28     1.4    1957    809.1   13.6  40    0.3    8   6.5

  18 30     1.4    1960    808.8   13.6  40    0.3    8   6.5

  18 32     1.4    1963    808.5   13.6  40    0.3    8   6.5

  18 34     1.4    1966    808.3   13.6  40    0.3    8   6.5

  18 36     1.4    1968    808.0   13.5  40    0.2    7   6.3

  18 38     1.4    1971    807.7   13.5  40    0.2    7   6.3

  18 40     1.4    1974    807.4   13.5  40    0.2    7   6.3

  18 42     1.4    1976    807.2   13.5  40    0.2    7   6.3

  18 44     1.4    1979    806.9   13.5  40    0.2    7   6.3

  18 46     1.4    1981    806.7   13.4  40    0.1    5   6.1

  18 48     1.4    1984    806.5   13.4  40    0.1    5   6.1

  18 50     1.4    1986    806.2   13.4  40    0.1    5   6.1

  18 52     1.3    1989    806.0   13.4  40    0.1    5   6.1

  18 54     1.3    1991    805.8   13.3  40    0.1    5   6.1

  18 56     1.3    1994    805.5   13.3  40    0.1    3   5.8

  18 58     1.3    1996    805.3   13.2  40   -0.0    3   5.8

  19  0     1.3    1999    805.1   13.2  40   -0.1    3   5.8

  19  2     1.3    2002    804.8   13.2  40   -0.0    3   5.8

  19  4     1.3    2005    804.5   13.2  40   -0.0    3   5.8

  19  6     1.3    2007    804.2   13.1  41    0.2    2   5.6

  19  8     1.3    2010    804.0   13.1  41    0.2    2   5.6

  19 10     1.3    2013    803.7   13.1  41    0.2    2   5.6

  19 12     1.3    2015    803.5   13.1  42    0.5    2   5.6

  19 14     1.3    2018    803.2   13.1  43    0.9    2   5.6

  19 16     1.3    2020    803.0   13.1  43    0.9    1   5.5

  19 18     1.3    2023    802.7   13.1  44    1.2    1   5.5

  19 20     1.3    2025    802.5   13.1  45    1.5    1   5.5

  19 22     1.3    2028    802.3   13.1  46    1.8    1   5.5

  19 24     1.3    2030    802.0   13.1  46    1.8    1   5.5

  19 26     1.3    2033    801.8   13.0  47    2.0  360   5.4

  19 28     1.3    2035    801.6   13.0  47    2.0  360   5.4

  19 30     1.3    2038    801.3   13.0  48    2.3  360   5.4

  19 32     1.3    2041    801.1   13.0  49    2.6  360   5.4

  19 34     1.3    2044    800.8   13.0  50    2.9  360   5.4

  19 36     1.3    2046    800.5   12.9  50    2.8  359   5.3

  19 38     1.3    2049    800.2   12.9  51    3.1  359   5.3

  19 40     1.3    2052    800.0   12.9  52    3.3  359   5.3

  19 42     1.3    2054    799.7   12.9  52    3.3  359   5.3

  19 44     1.3    2057    799.5   12.9  52    3.3  359   5.3

  19 46     1.3    2059    799.3   12.9  53    3.6  359   5.2

  19 48     1.3    2062    799.0   12.9  53    3.6  359   5.2

  19 50     1.3    2064    798.8   12.9  53    3.6  359   5.2

  19 52     1.3    2067    798.6   12.9  52    3.3  359   5.2

  19 54     1.3    2069    798.3   12.9  52    3.3  359   5.2

  19 56     1.3    2072    798.1   12.9  51    3.1  359   5.2

  19 58     1.3    2074    797.9   12.9  51    3.1  359   5.2

  20  0     1.3    2077    797.6   12.9  50    2.8  359   5.2

  20  2     1.2    2079    797.4   12.9  49    2.5  359   5.2

  20  4     1.2    2082    797.2   12.9  49    2.5  359   5.2

  20  6     1.2    2084    796.9   12.9  48    2.2  360   5.2

  20  8     1.2    2087    796.7   12.9  48    2.2  360   5.2

  20 10     1.2    2089    796.5   12.9  47    1.9  360   5.2

  20 12     1.2    2091    796.3   12.9  47    1.9  360   5.2

  20 14     1.2    2093    796.1   12.9  46    1.6  360   5.2

  20 16     1.2    2095    795.9   12.9  46    1.6    1   5.2

  20 18     1.2    2097    795.7   12.9  45    1.3    1   5.2

  20 20     1.2    2099    795.5   12.9  45    1.3    1   5.2

  20 22     1.2    2102    795.3   12.9  44    1.0    1   5.2

  20 24     1.2    2104    795.0   12.9  43    0.7    1   5.2

  20 26     1.2    2107    794.8   13.0  42    0.5    1   5.2

  20 28     1.2    2109    794.6   13.0  41    0.1    1   5.2

  20 30     1.2    2112    794.3   13.0  40   -0.3    1   5.2

  20 32     1.2    2114    794.1   12.9  40   -0.3    1   5.2

  20 34     1.2    2117    793.9   12.9  40   -0.3    1   5.2

  20 36     1.2    2119    793.6   12.8  40   -0.4  360   5.3

  20 38     1.2    2122    793.4   12.8  40   -0.4  360   5.3

  20 40     1.2    2124    793.2   12.7  40   -0.5  360   5.3

  20 42     1.2    2126    792.9   12.7  40   -0.5  360   5.3

  20 44     1.2    2129    792.7   12.7  40   -0.5  360   5.3

  20 46     1.2    2131    792.5   12.7  39   -0.8  360   5.4

  20 48     1.2    2134    792.2   12.7  39   -0.8  360   5.4

  20 50     1.2    2136    792.0   12.7  39   -0.9  360   5.4

  20 52     1.2    2139    791.8   12.7  39   -0.8  360   5.4

  20 54     1.2    2141    791.5   12.7  38   -1.2  360   5.4

  20 56     1.2    2144    791.3   12.7  38   -1.2  359   5.5

  20 58     1.2    2146    791.1   12.7  37   -1.6  359   5.5

  21  0     1.2    2149    790.8   12.7  37   -1.6  359   5.5

  21  2     1.2    2151    790.6   12.7  37   -1.6  359   5.5

  21  4     1.2    2153    790.5   12.7  37   -1.6  359   5.5

  21  6     1.2    2155    790.3   12.7  36   -1.9  358   5.6

  21  8     1.2    2157    790.1   12.7  36   -1.9  358   5.6

  21 10     1.2    2159    789.9   12.7  36   -2.0  358   5.6

  21 12     1.2    2161    789.6   12.7  36   -1.9  358   5.6

  21 14     1.2    2164    789.4   12.7  36   -1.9  358   5.6

  21 16     1.2    2166    789.2   12.7  36   -1.9  358   5.7

  21 18     1.2    2169    788.9   12.7  36   -1.9  358   5.7

  21 20     1.2    2171    788.7   12.7  36   -2.0  358   5.7

  21 22     1.1    2173    788.5   12.7  36   -1.9  358   5.7

  21 24     1.1    2175    788.3   12.7  36   -1.9  358   5.7

  21 26     1.1    2177    788.1   12.7  36   -1.9  357   5.9

  21 28     1.1    2179    787.9   12.7  36   -1.9  357   5.9

  21 30     1.1    2181    787.8   12.7  36   -2.0  357   5.9

  21 32     1.2    2184    787.5   12.7  36   -1.9  357   5.9

  21 34     1.2    2186    787.3   12.7  36   -1.9  357   5.9

  21 36     1.2    2189    787.1   12.7  35   -2.3  357   6.0

  21 38     1.2    2191    786.8   12.7  35   -2.3  357   6.0

  21 40     1.2    2194    786.6   12.7  35   -2.3  357   6.0

  21 42     1.1    2196    786.4   12.7  35   -2.3  357   6.0

  21 44     1.1    2198    786.2   12.7  35   -2.3  357   6.0

  21 46     1.1    2200    786.0   12.7  35   -2.3  357   6.1

  21 48     1.1    2202    785.8   12.7  35   -2.3  357   6.1

  21 50     1.1    2204    785.6   12.7  35   -2.3  357   6.1

  21 52     1.2    2206    785.4   12.7  35   -2.3  357   6.1

  21 54     1.2    2209    785.2   12.7  35   -2.3  357   6.1

  21 56     1.2    2211    785.0   12.8  35   -2.2  357   6.1

  21 58     1.2    2214    784.7   12.8  35   -2.2  357   6.1

  22  0     1.2    2216    784.5   12.8  35   -2.3  357   6.1

  22  2     1.1    2218    784.3   12.8  35   -2.2  357   6.1

  22  4     1.1    2220    784.1   12.7  35   -2.3  357   6.1

  22  6     1.1    2222    783.9   12.7  34   -2.7  356   6.1

  22  8     1.1    2224    783.7   12.6  34   -2.8  356   6.1

  22 10     1.1    2226    783.5   12.6  34   -2.8  356   6.1

  22 12     1.1    2228    783.3   12.6  33   -3.2  356   6.1

  22 14     1.1    2230    783.2   12.6  33   -3.2  356   6.1

  22 16     1.1    2233    783.0   12.7  32   -3.5  356   6.1

  22 18     1.1    2235    782.8   12.7  32   -3.5  356   6.1

  22 20     1.1    2237    782.6   12.7  31   -4.0  356   6.1

  22 22     1.1    2239    782.4   12.7  31   -3.9  356   6.1

  22 24     1.1    2242    782.1   12.7  30   -4.4  356   6.1

  22 26     1.1    2244    781.9   12.6  30   -4.5  355   6.0

  22 28     1.1    2247    781.7   12.6  29   -4.9  355   6.0

  22 30     1.1    2249    781.4   12.6  29   -4.9  355   6.0












120615 11:00



TTAA 65118 03888

99017 21226 01519 00146 19828 01024 92813 17257 02028

85539 17266 02519

88999

77999=





120615 11:00



TTBB 65118 03888

00017 21226 11931 15430 22915 20485 33910 20889 44894

20474 55804 13063 66799 12859 77781 12668

21212 00017 01519 11002 00523 22936 01032 33918 02024

44902 01016 55849 02518 66799 36010 77781 35512

31313 47908 81105=





120615 11:00



TTCC 6511/ 03888 NIL=





120615 11:00



TTDD 6511/ 03888 NIL=





120615 11:00



PPAA 65118 03888

44185 02519

77999=





120615 11:00



PPBB 65118 03888

90/02 01519 00523 01032 90357 02024 02518 35512=





120615 11:00



PPCC 65118 03888 NIL=





120615 11:00



PPDD 65118 03888 NIL=

