   0  0     0.0       5   1017.4   17.3   62   10.0  278   2.1   289.1    7.5
   0  2     3.5      12   1016.6   16.9   62    9.6  278   2.1   288.7    7.4
   0  4     3.5      19   1015.8   16.4   62    9.2  278   2.1   288.3    7.2
   0  6     3.5      26   1014.9   16.0   62    8.8  176   3.4   288.0    7.0
   0  8     3.5      33   1014.1   15.5   62    8.3  176   3.4   287.5    6.8
   0 10     3.5      40   1013.2   15.1   62    7.9  176   3.4   287.2    6.6
   0 12     4.0      49   1012.2   15.1   62    7.9  176   3.4   287.3    6.6
   0 14     4.0      58   1011.2   15.0   62    7.8  176   3.4   287.3    6.6
   0 16     4.0      66   1010.1   15.0   63    8.1  140   3.9   287.4    6.7
   0 18     4.0      75   1009.1   14.9   63    8.0  140   3.9   287.3    6.7
   0 20     4.0      84   1008.0   14.9   63    7.9  140   3.9   287.4    6.6
   0 22     4.1      93   1007.0   14.8   63    7.9  140   3.9   287.4    6.6
   0 24     4.1     102   1005.9   14.7   63    7.8  140   3.9   287.4    6.6
   0 26     4.1     111   1004.8   14.7   64    8.0  128   4.2   287.5    6.7
   0 28     4.1     120   1003.7   14.6   64    7.9  128   4.2   287.5    6.7
   0 30     4.1     129   1002.6   14.5   64    7.8  128   4.2   287.5    6.6
   0 32     4.5     138   1001.6   14.4   64    7.7  128   4.2   287.5    6.6
   0 34     4.5     147   1000.5   14.3   64    7.6  128   4.2   287.4    6.6
   0 36     4.5     157    999.4   14.2   65    7.8  126   4.5   287.4    6.6
   0 38     4.5     166    998.3   14.1   65    7.7  126   4.5   287.4    6.6
   0 40     4.5     175    997.3   14.0   65    7.5  126   4.5   287.4    6.5
   0 42     4.5     184    996.3   13.9   65    7.5  126   4.5   287.4    6.5
   0 44     4.5     192    995.2   13.8   65    7.4  126   4.5   287.4    6.5
   0 46     4.5     201    994.2   13.8   66    7.6  128   4.6   287.5    6.6
   0 48     4.5     209    993.2   13.7   66    7.5  128   4.6   287.5    6.6
   0 50     4.5     218    992.2   13.6   66    7.4  128   4.6   287.4    6.5
   0 52     4.5     227    991.1   13.5   66    7.3  128   4.6   287.4    6.5
   0 54     4.5     237    990.0   13.4   67    7.5  128   4.6   287.4    6.5
   0 56     4.5     246    988.8   13.4   67    7.5  130   4.7   287.5    6.6
   0 58     4.5     256    987.7   13.3   68    7.6  130   4.7   287.5    6.6
   1  0     4.5     265    986.6   13.2   68    7.4  130   4.7   287.5    6.5
   1  2     4.5     274    985.6   13.1   68    7.4  130   4.7   287.5    6.5
   1  4     4.5     283    984.5   13.0   69    7.5  130   4.7   287.5    6.6
   1  6     4.5     292    983.4   12.9   69    7.4  130   4.6   287.5    6.6
   1  8     4.5     301    982.4   12.8   70    7.5  130   4.6   287.5    6.6
   1 10     4.5     310    981.3   12.7   70    7.4  130   4.6   287.4    6.6
   1 12     4.6     319    980.3   12.6   70    7.3  130   4.6   287.4    6.6
   1 14     4.6     328    979.2   12.5   70    7.2  130   4.6   287.4    6.5
   1 16     4.6     337    978.2   12.5   71    7.4  130   4.5   287.5    6.6
   1 18     4.6     346    977.1   12.4   71    7.3  130   4.5   287.5    6.6
   1 20     4.6     355    976.1   12.3   71    7.2  130   4.5   287.5    6.5
   1 22     4.5     364    975.0   12.2   71    7.2  130   4.5   287.5    6.5
   1 24     4.5     373    974.0   12.1   71    7.1  130   4.5   287.5    6.5
   1 26     4.5     382    972.9   12.0   72    7.2  129   4.4   287.4    6.5
   1 28     4.5     391    971.9   11.9   72    7.1  129   4.4   287.4    6.5
   1 30     4.5     400    970.9   11.8   72    6.9  129   4.4   287.4    6.4
   1 32     4.4     409    969.9   11.7   72    6.9  129   4.4   287.4    6.4
   1 34     4.4     417    968.9   11.6   72    6.8  129   4.4   287.4    6.4
   1 36     4.4     426    967.9   11.6   72    6.8  129   4.3   287.5    6.4
   1 38     4.4     434    966.9   11.5   72    6.7  129   4.3   287.5    6.4
   1 40     4.4     443    965.9   11.4   72    6.5  129   4.3   287.4    6.3
   1 42     4.5     452    964.8   11.3   72    6.5  129   4.3   287.4    6.3
   1 44     4.5     462    963.7   11.3   72    6.5  129   4.3   287.5    6.3
   1 46     4.5     471    962.6   11.2   71    6.2  132   4.3   287.5    6.2
   1 48     4.5     481    961.6   11.2   71    6.2  132   4.3   287.6    6.2
   1 50     4.5     490    960.5   11.1   71    6.1  132   4.3   287.6    6.1
   1 52     4.6     499    959.4   11.0   71    6.0  132   4.3   287.6    6.1
   1 54     4.6     509    958.3   11.0   70    5.8  132   4.3   287.7    6.0
   1 56     4.6     518    957.2   10.9   70    5.7  134   4.3   287.7    6.0
   1 58     4.6     528    956.2   10.9   69    5.5  134   4.3   287.8    5.9
   2  0     4.6     537    955.1   10.8   69    5.4  134   4.3   287.8    5.9
   2  2     4.7     546    954.0   10.7   69    5.3  134   4.3   287.8    5.9
   2  4     4.7     556    953.0   10.7   68    5.1  134   4.3   287.8    5.8
   2  6     4.7     565    951.9   10.6   68    5.0  ///  ////   287.8    5.7
   2  8     4.7     575    950.8   10.6   67    4.8  ///  ////   287.9    5.7
   2 10     4.7     584    949.8   10.5   67    4.6  ///  ////   287.9    5.6
   2 12     4.6     593    948.7   10.4   67    4.6  ///  ////   287.9    5.6
   2 14     4.6     602    947.7   10.3   66    4.3  ///  ////   287.9    5.5
   2 16     4.6     611    946.7   10.3   66    4.3  ///  ////   288.0    5.5
   2 18     4.6     620    945.7   10.2   65    4.0  ///  ////   288.0    5.4
   2 20     4.6     629    944.7   10.1   65    3.8  ///  ////   288.0    5.3
   2 22     4.5     638    943.7   10.1   65    3.9  ///  ////   288.0    5.3
   2 24     4.5     647    942.6   10.0   64    3.6  ///  ////   288.0    5.2
   2 26     4.5     655    941.6   10.0   64    3.6  ///  ////   288.1    5.2
   2 28     4.5     664    940.6    9.9   63    3.2  ///  ////   288.1    5.1
   2 30     4.5     673    939.6    9.9   63    3.2  ///  ////   288.2    5.1
   2 32     4.5     682    938.5    9.8   63    3.1  ///  ////   288.2    5.1
   2 34     4.5     692    937.5    9.7   63    3.1  ///  ////   288.2    5.1
   2 36     4.5     701    936.4    9.7   63    3.1  ///  ////   288.3    5.1
   2 38     4.5     711    935.4    9.6   63    3.0  ///  ////   288.3    5.1
   2 40     4.5     720    934.3    9.5   63    2.8  ///  ////   288.3    5.0
   2 42     4.7     730    933.2    9.5   63    2.9  ///  ////   288.4    5.0
   2 44     4.7     740    932.1    9.4   62    2.5  ///  ////   288.4    4.9
   2 46     4.7     751    930.9    9.4   62    2.5  ///  ////   288.5    4.9
   2 48     4.7     761    929.8    9.3   61    2.2  ///  ////   288.5    4.8
   2 50     4.7     771    928.7    9.3   61    2.2  ///  ////   288.6    4.8
   2 52     5.1     782    927.4    9.2   61    2.1  ///  ////   288.6    4.8
   2 54     5.1     793    926.2    9.2   61    2.1  ///  ////   288.7    4.8
   2 56     5.1     803    925.0    9.1   60    1.8  ///  ////   288.7    4.7
   2 58     5.1     814    923.8    9.1   60    1.8  ///  ////   288.8    4.7
   3  0     5.1     825    922.6    9.0   60    1.7  ///  ////   288.8    4.7
   3  2     5.0     834    921.6    8.9   60    1.6  ///  ////   288.8    4.7
   3  4     5.0     843    920.6    8.8   60    1.5  ///  ////   288.8    4.6
   3  6     5.0     852    919.6    8.8   59    1.3  ///  ////   288.9    4.6
   3  8     5.0     861    918.6    8.7   59    1.2  ///  ////   288.8    4.5
   3 10     5.0     870    917.6    8.6   59    1.1  ///  ////   288.8    4.5
   3 12     4.8     879    916.6    8.7   56    0.5  ///  ////   289.0    4.3
   3 14     4.8     888    915.6    8.7   54   -0.0  ///  ////   289.1    4.2
   3 16     4.8     898    914.5    8.8   51   -0.7  ///  ////   289.3    4.0
   3 18     4.8     907    913.5    8.8   49   -1.3  ///  ////   289.4    3.8
   3 20     4.8     916    912.5    8.9   46   -2.1  ///  ////   289.6    3.6
   3 22     4.5     925    911.5    9.0   44   -2.5  ///  ////   289.8    3.5
   3 24     4.5     934    910.5    9.1   41   -3.4  ///  ////   290.0    3.3
   3 26     4.5     943    909.5    9.1   39   -4.1  ///  ////   290.1    3.1
   3 28     4.5     952    908.6    9.2   36   -5.0  ///  ////   290.3    2.9
   3 30     4.5     961    907.6    9.3   34   -5.7  ///  ////   290.5    2.7
   3 32     4.4     969    906.7    9.4   33   -6.0  ///  ////   290.6    2.7
   3 34     4.4     978    905.7    9.5   33   -5.9  ///  ////   290.8    2.7
   3 36     4.4     986    904.8    9.6   32   -6.2  ///  ////   291.0    2.6
   3 38     4.4     995    903.9    9.7   32   -6.1  ///  ////   291.2    2.7
   3 40     4.4    1003    902.9    9.8   31   -6.5  ///  ////   291.4    2.6
   3 42     4.4    1012    902.0    9.8   31   -6.5  ///  ////   291.5    2.6
   3 44     4.4    1021    901.0    9.7   30   -7.0  ///  ////   291.5    2.5
   3 46     4.4    1030    900.0    9.7   30   -7.0  ///  ////   291.6    2.5
   3 48     4.4    1039    899.1    9.6   29   -7.5  ///  ////   291.6    2.4
   3 50     4.4    1048    898.1    9.6   29   -7.6  ///  ////   291.6    2.4
   3 52     4.3    1056    897.2    9.6   29   -7.5  ///  ////   291.7    2.4
   3 54     4.3    1065    896.3    9.5   28   -8.1  ///  ////   291.7    2.3
   3 56     4.3    1073    895.4    9.5   28   -8.1  ///  ////   291.8    2.3
   3 58     4.3    1082    894.4    9.4   27   -8.6  ///  ////   291.8    2.2
   4  0     4.3    1090    893.5    9.4   27   -8.6  ///  ////   291.9    2.2
   4  2     4.6    1100    892.4    9.4   27   -8.6  ///  ////   292.0    2.2
   4  4     4.6    1110    891.3    9.4   27   -8.6  ///  ////   292.1    2.2
   4  6     4.6    1121    890.3    9.3   27   -8.7  ///  ////   292.1    2.2
   4  8     4.6    1131    889.2    9.3   27   -8.7  ///  ////   292.2    2.2
   4 10     4.6    1141    888.1    9.3   27   -8.7  ///  ////   292.3    2.2
   4 12     4.8    1151    887.0    9.3   27   -8.7  ///  ////   292.4    2.2
   4 14     4.8    1161    885.9    9.3   27   -8.7  ///  ////   292.5    2.2
   4 16     4.8    1171    884.8    9.2   26   -9.3  ///  ////   292.5    2.1
   4 18     4.8    1181    883.8    9.2   26   -9.3  ///  ////   292.6    2.1
   4 20     4.8    1191    882.7    9.2   26   -9.3  ///  ////   292.7    2.1
   4 22     5.0    1201    881.6    9.2   26   -9.3  ///  ////   292.8    2.1
   4 24     5.0    1211    880.6    9.2   25   -9.8  ///  ////   292.9    2.1
   4 26     5.0    1220    879.6    9.1   25   -9.8  ///  ////   292.9    2.1
   4 28     5.0    1230    878.5    9.1   24  -10.4  ///  ////   293.0    2.0
   4 30     5.0    1240    877.5    9.1   24  -10.4  ///  ////   293.1    2.0
   4 32     5.0    1250    876.4    9.0   24  -10.4  ///  ////   293.1    2.0
   4 34     5.0    1260    875.4    9.0   25   -9.9  ///  ////   293.2    2.0
   4 36     5.0    1270    874.3    8.9   25  -10.0  ///  ////   293.2    2.0
   4 38     5.0    1280    873.2    8.9   26   -9.5  ///  ////   293.3    2.1
   4 40     5.0    1290    872.2    8.8   26   -9.6  ///  ////   293.3    2.1
   4 42     4.9    1300    871.2    8.8   27   -9.1  ///  ////   293.4    2.2
   4 44     4.9    1310    870.1    8.7   27   -9.2  ///  ////   293.4    2.2
   4 46     4.9    1319    869.1    8.7   28   -8.7  ///  ////   293.5    2.3
   4 48     4.9    1329    868.1    8.6   28   -8.8  ///  ////   293.5    2.3
   4 50     4.9    1339    867.1    8.6   29   -8.4  ///  ////   293.6    2.3
   4 52     4.9    1349    866.1    8.6   30   -7.9  ///  ////   293.7    2.4
   4 54     4.9    1358    865.1    8.6   30   -7.9  ///  ////   293.8    2.4
   4 56     4.9    1368    864.0    8.5   31   -7.6  ///  ////   293.8    2.5
   4 58     4.9    1377    863.0    8.5   31   -7.6  ///  ////   293.9    2.5
   5  0     4.9    1387    862.0    8.5   32   -7.2  ///  ////   294.0    2.6
   5  5     4.9    1412    859.4    8.4   34   -6.5  ///  ////   294.1    2.7
   5 10     4.9    1437    856.8    8.2   36   -6.0  ///  ////   294.2    2.8
   5 15     4.9    1461    854.3    8.1   38   -5.3  ///  ////   294.3    3.0
   5 20     4.9    1486    851.8    7.9   39   -5.2  ///  ////   294.3    3.0
   5 25     4.9    1510    849.3    7.8   40   -4.9  ///  ////   294.5    3.1
   5 30     4.9    1534    846.8    7.7   41   -4.7  ///  ////   294.6    3.2
   5 35     4.8    1558    844.3    7.6   42   -4.4  ///  ////   294.8    3.3
   5 40     4.8    1582    841.8    7.4   42   -4.7  ///  ////   294.8    3.2
   5 45     4.7    1605    839.5    7.3   43   -4.4  ///  ////   294.9    3.3
   5 50     4.7    1628    837.1    7.1   43   -4.6  ///  ////   295.0    3.2
   5 55     4.7    1651    834.8    7.0   43   -4.7  ///  ////   295.1    3.2
   6  0     4.7    1675    832.4    6.9   43   -4.8  ///  ////   295.2    3.2
   6  5     4.7    1699    830.0    6.8   44   -4.6  ///  ////   295.4    3.3
   6 10     4.7    1723    827.6    6.6   44   -4.8  ///  ////   295.4    3.2
   6 15     4.7    1746    825.3    6.5   44   -4.8  ///  ////   295.5    3.2
   6 20     4.7    1769    822.9    6.4   44   -5.0  ///  ////   295.7    3.2
   6 25     4.7    1792    820.6    6.3   45   -4.7  ///  ////   295.8    3.3
   6 30     4.7    1815    818.3    6.1   45   -4.9  ///  ////   295.8    3.2
   6 35     4.6    1838    816.0    6.0   45   -5.0  ///  ////   296.0    3.2
   6 40     4.6    1861    813.8    5.9   45   -5.1  ///  ////   296.1    3.2
   6 45     4.7    1885    811.4    5.8   46   -4.9  ///  ////   296.2    3.3
   6 50     4.7    1909    809.0    5.6   46   -5.1  ///  ////   296.3    3.2
   6 55     4.7    1932    806.7    5.5   46   -5.2  ///  ////   296.4    3.2
   7  0     4.7    1955    804.5    5.4   46   -5.3  ///  ////   296.5    3.2
   7  5     4.6    1977    802.2    5.3   47   -5.1  ///  ////   296.7    3.3
   7 10     4.6    2000    800.0    5.1   47   -5.3  ///  ////   296.7    3.2
   7 15     4.6    2024    797.6    5.0   47   -5.3  ///  ////   296.8    3.2
   7 20     4.6    2048    795.3    4.9   47   -5.5  ///  ////   297.0    3.2
   7 25     4.6    2071    793.1    4.8   48   -5.2  ///  ////   297.1    3.3
   7 30     4.6    2094    790.8    4.6   48   -5.5  ///  ////   297.1    3.2
   7 35     4.7    2117    788.6    4.5   49   -5.2  ///  ////   297.3    3.3
   7 40     4.7    2140    786.4    4.3   49   -5.5  ///  ////   297.3    3.2
   7 45     4.6    2163    784.1    4.2   49   -5.5  ///  ////   297.4    3.2
   7 50     4.6    2187    781.8    4.1   49   -5.7  ///  ////   297.6    3.2
   7 55     4.6    2210    779.6    3.9   50   -5.5  ///  ////   297.6    3.2
   8  0     4.6    2233    777.4    3.7   50   -5.8  ///  ////   297.6    3.2
   8  5     4.6    2256    775.3    3.6   50   -5.8  ///  ////   297.8    3.2
   8 10     4.6    2279    773.1    3.5   50   -5.9  ///  ////   297.9    3.2
   8 15     4.6    2301    770.9    3.4   51   -5.7  ///  ////   298.0    3.2
   8 20     4.6    2324    768.8    3.2   51   -6.0  ///  ////   298.1    3.2
   8 25     4.6    2348    766.5    3.1   51   -6.0  ///  ////   298.2    3.2
   8 30     4.6    2372    764.3    3.0   51   -6.1  ///  ////   298.3    3.1
   8 35     4.6    2394    762.1    2.9   52   -5.9  ///  ////   298.5    3.2
   8 40     4.6    2417    760.0    2.7   52   -6.2  ///  ////   298.5    3.2
   8 45     4.6    2439    757.9    2.6   52   -6.2  ///  ////   298.6    3.2
   8 50     4.6    2462    755.7    2.5   52   -6.4  ///  ////   298.8    3.1
   8 55     4.6    2486    753.5    2.4   53   -6.2  ///  ////   298.9    3.2
   9  0     4.6    2510    751.3    2.2   53   -6.4  ///  ////   298.9    3.1
   9  5     4.6    2532    749.2    2.1   54   -6.2  ///  ////   299.1    3.2
   9 10     4.6    2555    747.1    1.9   54   -6.4  ///  ////   299.1    3.2
   9 15     4.6    2577    745.0    1.8   54   -6.5  ///  ////   299.2    3.2
   9 20     4.6    2600    742.9    1.7   54   -6.6  ///  ////   299.4    3.1
   9 25     4.6    2624    740.8    1.6   55   -6.4  ///  ////   299.5    3.2
   9 30     4.6    2648    738.6    1.4   55   -6.7  ///  ////   299.5    3.1
   9 35     4.6    2670    736.5    1.3   55   -6.7  ///  ////   299.7    3.1
   9 40     4.6    2693    734.4    1.2   55   -6.8  ///  ////   299.8    3.1
   9 45     4.6    2715    732.4    1.1   56   -6.7  ///  ////   299.9    3.2
   9 50     4.6    2738    730.3    0.9   56   -6.9  ///  ////   300.0    3.1
   9 55     4.5    2760    728.3    0.8   56   -6.9  ///  ////   300.1    3.1
  10  0     4.5    2783    726.2    0.7   56   -7.1  ///  ////   300.2    3.1
  10  5     4.6    2806    724.1    0.6   57   -6.9  ///  ////   300.4    3.1
  10 10     4.6    2830    722.0    0.4   57   -7.1  ///  ////   300.4    3.1
  10 15     4.6    2852    720.0    0.3   57   -7.2  ///  ////   300.5    3.1
  10 20     4.6    2875    718.0    0.2   57   -7.3  ///  ////   300.7    3.1
  10 25     4.6    2897    715.9    0.1   58   -7.1  ///  ////   300.8    3.1
  10 30     4.6    2920    713.9   -0.1   58   -7.4  ///  ////   300.8    3.1
  10 35     4.6    2943    711.9   -0.2   58   -7.4  ///  ////   301.0    3.1
  10 40     4.6    2967    709.8   -0.3   58   -7.6  ///  ////   301.1    3.0
  10 45     4.6    2989    707.8   -0.4   59   -7.4  ///  ////   301.2    3.1
  10 50     4.6    3012    705.8   -0.6   59   -7.6  ///  ////   301.3    3.0
  10 55     4.7    3036    703.6   -0.5   55   -8.4  ///  ////   301.6    2.9
  11  0     4.7    3061    701.5   -0.5   50   -9.6  ///  ////   301.9    2.6
  11  5     4.4    3080    699.8   -0.4   45  -10.8  ///  ////   302.2    2.4
  11 10     4.4    3100    698.1   -0.3   40  -12.3  268  10.6   302.5    2.1
  11 15     4.2    3118    696.5   -0.2   36  -13.4  268  10.6   302.9    1.9
  11 20     4.2    3137    694.9   -0.1   32  -14.8  269  10.7   303.2    1.7
  11 25     3.9    3157    693.1    0.0   29  -15.9  269  10.7   303.5    1.6
  11 30     3.9    3178    691.3    0.1   25  -17.6  269  11.0   303.8    1.4
  11 35     4.1    3200    689.4    0.0   25  -17.7  269  11.0   304.0    1.4
  11 40     4.1    3223    687.4   -0.1   24  -18.3  269  11.3   304.1    1.3
  11 45     4.4    3246    685.4   -0.3   24  -18.4  269  11.3   304.1    1.3
  11 50     4.4    3270    683.4   -0.5   24  -18.6  268  11.4   304.2    1.3
  11 55     4.6    3292    681.5   -0.6   24  -18.7  268  11.4   304.3    1.3
  12  0     4.6    3315    679.6   -0.8   24  -18.9  270  11.2   304.3    1.3
  12  5     4.6    3338    677.6   -0.9   23  -19.4  270  11.2   304.5    1.2
  12 10     4.6    3361    675.6   -1.1   21  -20.7  270  10.8   304.5    1.1
  12 15     4.5    3383    673.7   -1.3   21  -20.8  270  10.8   304.5    1.1
  12 20     4.5    3406    671.8   -1.5   20  -21.6  266  10.8   304.5    1.0
  12 25     4.5    3428    669.9   -1.7   20  -21.7  266  10.8   304.6    1.0
  12 30     4.5    3451    668.1   -1.9   19  -22.5  264  11.3   304.6    0.9
  12 35     4.5    3473    666.2   -2.0   19  -22.6  264  11.3   304.7    0.9
  12 40     4.5    3495    664.3   -2.1   19  -22.7  264  11.6   304.9    0.9
  12 45     4.5    3517    662.5   -2.3   19  -22.8  264  11.6   304.9    0.9
  12 50     4.5    3540    660.6   -2.6   19  -23.1  265  11.8   304.8    0.9
  12 55     4.5    3563    658.7   -2.7   20  -22.6  265  11.8   304.9    0.9
  13  0     4.5    3586    656.8   -2.9   20  -22.8  267  11.7   304.9    0.9
  13  5     4.7    3610    654.7   -3.0   20  -22.8  267  11.7   305.1    0.9
  13 10     4.7    3635    652.8   -3.1   20  -22.9  271  12.0   305.3    0.9
  13 15     4.7    3658    650.8   -3.2   21  -22.4  271  12.0   305.4    1.0
  13 20     4.7    3681    648.9   -3.4   21  -22.6  276  12.2   305.4    0.9
  13 25     4.7    3704    647.0   -3.5   22  -22.2  276  12.2   305.6    1.0
  13 30     4.7    3727    645.1   -3.7   22  -22.4  278  11.9   305.6    1.0
  13 35     4.7    3752    643.1   -3.9   22  -22.5  278  11.9   305.7    1.0
  13 40     4.7    3777    641.1   -4.1   22  -22.7  281  11.9   305.7    1.0
  13 45     4.8    3801    639.1   -4.3   22  -22.8  281  11.9   305.8    1.0
  13 50     4.8    3825    637.2   -4.5   22  -23.0  283  12.1   305.8    0.9
  13 55     4.8    3848    635.3   -4.7   22  -23.2  283  12.1   305.8    0.9
  14  0     4.8    3871    633.4   -4.9   22  -23.4  284  12.5   305.9    0.9
  14  5     4.9    3897    631.4   -5.0   22  -23.4  284  12.5   306.0    0.9
  14 10     4.9    3923    629.3   -5.2   22  -23.6  285  12.8   306.1    0.9
  14 15     5.0    3949    627.2   -5.3   22  -23.7  285  12.8   306.3    0.9
  14 20     5.0    3975    625.1   -5.5   21  -24.4  284  13.3   306.3    0.8
  14 25     5.1    4000    623.2   -5.6   21  -24.5  284  13.3   306.5    0.8
  14 30     5.1    4025    621.2   -5.7   20  -25.1  282  13.8   306.7    0.8
  14 35     5.0    4048    619.3   -5.8   21  -24.6  282  13.8   306.8    0.8
  14 40     5.0    4072    617.4   -6.0   22  -24.3  281  14.4   306.9    0.9
  14 45     4.8    4096    615.5   -6.1   23  -23.9  281  14.4   307.0    0.9
  14 50     4.8    4120    613.7   -6.3   24  -23.6  280  15.0   307.0    0.9
  14 55     4.6    4142    611.9   -6.4   25  -23.2  280  15.0   307.2    1.0
  15  0     4.6    4164    610.2   -6.6   25  -23.4  280  15.8   307.2    0.9
  15  5     4.6    4187    608.4   -6.8   25  -23.5  280  15.8   307.2    0.9
  15 10     4.6    4210    606.7   -7.0   25  -23.8  281  16.8   307.2    0.9
  15 15     4.6    4233    604.8   -7.1   27  -22.9  281  16.8   307.4    1.0
  15 20     4.6    4257    603.0   -7.3   28  -22.7  281  17.3   307.4    1.0
  15 25     4.8    4282    601.1   -7.5   30  -22.1  281  17.3   307.5    1.1
  15 30     4.8    4307    599.1   -7.8   31  -22.0  283  17.7   307.4    1.1
  15 35     4.9    4331    597.2   -8.0   33  -21.4  283  17.7   307.5    1.2
  15 40     4.9    4356    595.4   -8.2   35  -21.0  285  17.9   307.5    1.2
  15 45     4.9    4379    593.5   -8.3   35  -21.0  285  17.9   307.7    1.2
  15 50     4.9    4403    591.7   -8.5   34  -21.6  287  18.2   307.7    1.1
  15 55     4.8    4427    589.9   -8.6   33  -22.0  287  18.2   307.9    1.1
  16  0     4.8    4451    588.1   -8.7   32  -22.5  289  18.0   308.0    1.1
  16  5     4.7    4473    586.4   -8.8   31  -22.9  289  18.0   308.2    1.0
  16 10     4.7    4496    584.7   -9.0   30  -23.5  290  17.6   308.2    1.0
  16 15     4.7    4519    582.9   -9.1   26  -25.1  290  17.6   308.3    0.9
  16 20     4.7    4543    581.1   -9.2   22  -27.1  291  17.4   308.5    0.7
  16 25     4.7    4567    579.3   -9.3   18  -29.3  291  17.4   308.7    0.6
  16 30     4.7    4592    577.5   -9.4   14  -32.1  291  17.5   308.8    0.4
  16 35     4.9    4617    575.6   -9.6   15  -31.5  291  17.5   308.9    0.5
  16 40     4.9    4643    573.7   -9.8   15  -31.7  290  17.6   308.9    0.5
  16 45     5.0    4668    571.8  -10.0   15  -31.8  290  17.6   309.0    0.5
  16 50     5.0    4694    569.9  -10.2   15  -32.0  290  17.8   309.0    0.5
  16 55     5.1    4719    568.0  -10.3   15  -32.0  290  17.8   309.2    0.5
  17  0     5.1    4745    566.2  -10.5   15  -32.2  288  18.2   309.3    0.4
  17  5     4.8    4766    564.6  -10.7   16  -31.7  288  18.2   309.3    0.5
  17 10     4.8    4788    563.0  -10.9   17  -31.3  286  18.5   309.3    0.5
  17 15     4.6    4810    561.3  -11.1   18  -30.8  286  18.5   309.3    0.5
  17 20     4.6    4833    559.7  -11.3   18  -31.0  284  18.7   309.4    0.5
  17 25     4.5    4856    558.0  -11.5   19  -30.6  284  18.7   309.4    0.5
  17 30     4.5    4880    556.3  -11.7   20  -30.2  283  18.9   309.4    0.6
  17 35     4.5    4902    554.7  -11.9   20  -30.4  283  18.9   309.4    0.6
  17 40     4.5    4924    553.0  -12.2   20  -30.7  283  18.8   309.4    0.5
  17 45     4.5    4945    551.5  -12.3   20  -30.7  283  18.8   309.5    0.5
  17 50     4.5    4967    549.9  -12.5   19  -31.5  282  18.5   309.5    0.5
  17 55     4.3    4988    548.4  -12.7   19  -31.6  282  18.5   309.5    0.5
  18  0     4.3    5010    546.9  -12.9   19  -31.8  282  18.5   309.5    0.5
  18  5     4.3    5031    545.3  -13.1   20  -31.4  282  18.5   309.5    0.5
  18 10     4.3    5053    543.8  -13.3   20  -31.6  283  18.5   309.5    0.5
  18 15     4.3    5074    542.3  -13.4   20  -31.6  283  18.5   309.7    0.5
  18 20     4.3    5096    540.8  -13.6   20  -31.8  284  18.7   309.7    0.5
  18 25     4.2    5116    539.3  -13.8   20  -32.0  284  18.7   309.7    0.5
  18 30     4.2    5136    537.9  -14.1   20  -32.3  283  19.0   309.6    0.5
  18 35     4.3    5158    536.3  -14.2   20  -32.3  283  19.0   309.7    0.5
  18 40     4.3    5181    534.7  -14.4   19  -33.1  281  19.3   309.7    0.4
  18 45     4.3    5203    533.2  -14.6   18  -33.7  281  19.3   309.7    0.4
  18 50     4.3    5225    531.6  -14.8   17  -34.5  280  19.5   309.8    0.4
  18 55     4.5    5248    530.0  -14.9   17  -34.6  280  19.5   309.9    0.4
  19  0     4.5    5271    528.4  -15.1   16  -35.4  279  19.5   309.9    0.3
  19  5     4.5    5294    526.7  -15.2   16  -35.5  279  19.5   310.1    0.4
  19 10     4.5    5317    525.1  -15.4   15  -36.3  278  19.4   310.1    0.3
  19 15     4.6    5340    523.5  -15.5   15  -36.4  278  19.4   310.3    0.3
  19 20     4.6    5363    521.9  -15.7   15  -36.6  278  19.3   310.3    0.3
  19 25     4.7    5387    520.3  -15.9   15  -36.7  278  19.3   310.4    0.3
  19 30     4.7    5411    518.6  -16.1   15  -36.9  278  19.2   310.4    0.3
  19 35     4.7    5435    517.0  -16.3   16  -36.4  278  19.2   310.4    0.3
  19 40     4.7    5459    515.4  -16.5   16  -36.6  277  19.3   310.5    0.3
  19 45     4.9    5484    513.6  -16.7   16  -36.7  277  19.3   310.5    0.3
  19 50     4.9    5510    511.9  -17.0   16  -37.0  277  19.3   310.5    0.3
  19 55     4.7    5531    510.4  -17.2   16  -37.1  277  19.3   310.5    0.3
  20  0     4.7    5552    509.0  -17.4   16  -37.3  277  19.4   310.5    0.3
  20  5     4.6    5575    507.4  -17.6   16  -37.5  277  19.4   310.5    0.3
  20 10     4.6    5598    505.9  -17.8   16  -37.7  276  19.8   310.6    0.3
  20 15     4.5    5622    504.3  -17.9   16  -37.7  276  19.8   310.7    0.3
  20 20     4.5    5646    502.7  -18.1   15  -38.6  277  20.4   310.8    0.3
  20 25     4.6    5668    501.2  -18.2   15  -38.6  277  20.4   310.9    0.3
  20 30     4.6    5691    499.6  -18.4   15  -38.8  277  20.7   310.9    0.3
  20 35     4.6    5713    498.2  -18.6   15  -38.9  277  20.7   310.9    0.3
  20 40     4.6    5735    496.7  -18.9   15  -39.2  278  20.7   310.9    0.3
  20 45     4.4    5756    495.3  -19.0   16  -38.6  278  20.7   311.0    0.3
  20 50     4.4    5778    493.8  -19.2   16  -38.8  277  21.1   311.0    0.3
  20 55     4.4    5801    492.3  -19.3   17  -38.3  277  21.1   311.2    0.3
  21  0     4.4    5824    490.8  -19.4   18  -37.8  276  21.7   311.3    0.3
  21  5     4.3    5844    489.5  -19.5   18  -37.9  276  21.7   311.4    0.3
  21 10     4.3    5864    488.2  -19.7   18  -38.1  275  21.8   311.4    0.3
  21 15     4.2    5884    486.8  -19.8   18  -38.1  275  21.8   311.5    0.3
  21 20     4.2    5905    485.4  -20.0   17  -38.9  274  22.2   311.6    0.3
  21 25     4.2    5927    484.0  -20.2   17  -39.0  274  22.2   311.6    0.3
  21 30     4.2    5949    482.6  -20.4   17  -39.3  273  22.7   311.6    0.3
  21 35     4.3    5971    481.1  -20.6   18  -38.8  273  22.7   311.6    0.3
  21 40     4.3    5994    479.7  -20.8   18  -39.0  273  23.4   311.6    0.3
  21 45     4.4    6015    478.3  -21.0   19  -38.6  273  23.4   311.6    0.3
  21 50     4.4    6037    476.9  -21.2   20  -38.3  273  24.1   311.7    0.3
  21 55     4.4    6058    475.5  -21.2   21  -37.8  273  24.1   311.9    0.3
  22  0     4.4    6080    474.1  -21.3   22  -37.5  272  24.8   312.1    0.3
  22  5     4.6    6105    472.5  -21.4   28  -35.1  272  24.8   312.2    0.4
  22 10     4.6    6131    470.9  -21.6   34  -33.3  272  25.8   312.3    0.5
  22 15     4.7    6155    469.3  -21.7   30  -34.7  272  25.8   312.5    0.4
  22 20     4.7    6179    467.8  -21.8   26  -36.3  273  26.8   312.6    0.4
  22 25     4.9    6203    466.2  -21.9   22  -38.0  273  26.8   312.8    0.3
  22 30     4.9    6228    464.7  -22.0   18  -40.1  274  27.6   313.0    0.3
  22 35     4.7    6250    463.3  -22.0   17  -40.6  274  27.6   313.3    0.2
  22 40     4.7    6273    461.9  -22.0   15  -41.8  274  28.5   313.5    0.2
  22 45     4.6    6295    460.4  -22.1   14  -42.5  274  28.5   313.7    0.2
  22 50     4.6    6317    459.0  -22.3   13  -43.4  275  29.2   313.7    0.2
  22 55     4.5    6339    457.6  -22.4   13  -43.4  275  29.2   313.9    0.2
  23  0     4.5    6362    456.3  -22.6   12  -44.4  274  29.8   313.9    0.2
  23  5     4.5    6385    454.8  -22.7   12  -44.4  274  29.8   314.1    0.2
  23 10     4.5    6409    453.4  -22.9   12  -44.6  274  30.5   314.1    0.2
  23 15     4.5    6431    452.0  -23.0   14  -43.3  274  30.5   314.2    0.2
  23 20     4.5    6453    450.6  -23.2   15  -42.8  274  31.2   314.3    0.2
  23 25     4.5    6474    449.3  -23.4   17  -41.8  274  31.2   314.3    0.2
  23 30     4.5    6496    448.0  -23.7   18  -41.5  274  31.7   314.2    0.2
  23 35     4.3    6517    446.7  -24.0   20  -40.7  274  31.7   314.0    0.2
  23 40     4.3    6539    445.4  -24.3   22  -40.1  275  32.0   313.9    0.3
  23 45     4.4    6561    444.0  -24.2   23  -39.5  275  32.0   314.3    0.3
  23 50     4.4    6584    442.6  -24.1   24  -39.1  275  32.2   314.7    0.3
  23 55     4.4    6606    441.3  -24.3   25  -38.8  275  32.2   314.8    0.3
  24  0     4.4    6628    440.0  -24.5   25  -39.0  275  32.4   314.8    0.3
  24  5     4.6    6652    438.5  -24.7   25  -39.2  275  32.4   314.8    0.3
  24 10     4.6    6676    437.1  -24.9   24  -39.8  275  32.3   314.9    0.3
  24 15     4.7    6701    435.6  -25.1   25  -39.5  275  32.3   314.9    0.3
  24 20     4.7    6726    434.1  -25.3   26  -39.3  275  32.2   315.0    0.3
  24 25     5.0    6751    432.6  -25.5   27  -39.1  275  32.2   315.0    0.3
  24 30     5.0    6777    431.0  -25.8   28  -39.1  275  32.4   315.0    0.3
  24 35     5.0    6801    429.6  -26.0   29  -38.8  275  32.4   315.0    0.3
  24 40     5.0    6826    428.1  -26.2   30  -38.7  274  32.6   315.1    0.3
  24 45     5.1    6852    426.6  -26.4   31  -38.5  274  32.6   315.1    0.3
  24 50     5.1    6878    425.1  -26.7   32  -38.5  275  32.9   315.1    0.3
  24 55     5.2    6905    423.5  -26.9   33  -38.4  275  32.9   315.2    0.3
  25  0     5.2    6932    421.9  -27.1   34  -38.3  275  33.4   315.3    0.3
  25  5     5.0    6954    420.6  -27.2   37  -37.5  275  33.4   315.4    0.4
  25 10     5.0    6976    419.3  -27.4   39  -37.2  276  33.9   315.4    0.4
  25 15     4.8    6999    418.0  -27.5   45  -35.8  276  33.9   315.6    0.4
  25 20     4.8    7022    416.6  -27.7   51  -34.8  277  34.1   315.6    0.5
  25 25     4.6    7045    415.3  -27.8   56  -33.9  277  34.1   315.8    0.5
  25 30     4.6    7069    413.9  -27.9   61  -33.1  279  34.4   316.0    0.6
  25 35     4.6    7092    412.6  -28.0   60  -33.4  279  34.4   316.1    0.6
  25 40     4.6    7115    411.3  -28.1   58  -33.9  279  34.5   316.3    0.5
  25 45     4.6    7137    410.0  -28.2   57  -34.1  279  34.5   316.4    0.5
  25 50     4.6    7160    408.7  -28.4   55  -34.7  279  34.7   316.5    0.5
  25 55     4.7    7184    407.3  -28.6   54  -35.0  279  34.7   316.5    0.5
  26  0     4.7    7209    405.9  -28.8   53  -35.4  278  35.3   316.6    0.5
  26  5     4.7    7232    404.6  -29.0   53  -35.6  278  35.3   316.6    0.5
  26 10     4.7    7255    403.3  -29.2   52  -36.0  278  35.8   316.6    0.4
  26 15     4.7    7278    402.0  -29.3   53  -35.9  278  35.8   316.8    0.4
  26 20     4.7    7302    400.7  -29.5   53  -36.1  277  36.4   316.8    0.4
  26 25     4.8    7327    399.3  -29.6   51  -36.5  277  36.4   317.0    0.4
  26 30     4.8    7352    397.9  -29.7   48  -37.3  275  37.4   317.2    0.4
  26 35     5.0    7378    396.4  -29.8   46  -37.8  275  37.4   317.4    0.4
  26 40     5.0    7404    395.0  -30.0   44  -38.4  274  38.4   317.5    0.3
  26 45     5.1    7429    393.6  -30.2   42  -39.0  274  38.4   317.5    0.3
  26 50     5.1    7455    392.2  -30.4   39  -40.0  273  39.1   317.6    0.3
  26 55     5.0    7479    390.8  -30.5   37  -40.5  273  39.1   317.8    0.3
  27  0     5.0    7503    389.5  -30.7   34  -41.6  272  39.6   317.9    0.3
  27  5     4.8    7525    388.3  -30.9   32  -42.3  272  39.6   317.9    0.2
  27 10     4.8    7548    387.0  -31.1   29  -43.4  272  40.1   317.9    0.2
  27 15     4.5    7569    385.8  -31.2   27  -44.1  272  40.1   318.1    0.2
  27 20     4.5    7591    384.7  -31.4   25  -45.1  272  40.5   318.1    0.2
  27 25     4.3    7612    383.5  -31.6   25  -45.2  272  40.5   318.1    0.2
  27 30     4.3    7633    382.4  -31.8   24  -45.8  272  40.8   318.1    0.2
  27 35     4.3    7654    381.3  -32.0   24  -45.9  272  40.8   318.1    0.2
  27 40     4.3    7676    380.1  -32.2   23  -46.5  272  40.8   318.1    0.2
  27 45     4.3    7697    378.9  -32.4   23  -46.7  272  40.8   318.1    0.2
  27 50     4.3    7719    377.8  -32.6   23  -46.9  272  41.0   318.1    0.2
  27 55     4.4    7741    376.6  -32.8   24  -46.6  272  41.0   318.2    0.2
  28  0     4.4    7764    375.4  -33.1   24  -46.9  273  41.3   318.1    0.2
  28  5     4.4    7785    374.3  -33.3   24  -47.1  273  41.3   318.1    0.1
  28 10     4.4    7807    373.1  -33.5   24  -47.3  273  41.6   318.1    0.1
  28 15     4.3    7828    372.0  -33.7   25  -47.1  273  41.6   318.1    0.1
  28 20     4.3    7849    370.8  -33.9   26  -46.9  274  42.1   318.1    0.2
  28 25     4.3    7870    369.7  -34.0   26  -47.0  274  42.1   318.3    0.1
  28 30     4.3    7892    368.6  -34.2   26  -47.2  274  42.5   318.3    0.2
  28 35     4.3    7914    367.4  -34.3   26  -47.2  274  42.5   318.4    0.1
  28 40     4.3    7936    366.3  -34.5   25  -47.8  274  43.1   318.4    0.1
  28 45     4.4    7958    365.1  -34.7   25  -47.9  274  43.1   318.5    0.1
  28 50     4.4    7981    363.9  -34.9   25  -48.2  274  43.9   318.5    0.1
  28 55     4.4    8002    362.8  -35.0   25  -48.2  274  43.9   318.6    0.1
  29  0     4.4    8023    361.7  -35.2   25  -48.4  274  44.9   318.7    0.1
  29  5     4.4    8045    360.6  -35.3   25  -48.5  274  44.9   318.8    0.1
  29 10     4.4    8068    359.4  -35.5   25  -48.7  274  45.8   318.8    0.1
  29 15     4.5    8091    358.2  -35.6   26  -48.4  274  45.8   319.0    0.1
  29 20     4.5    8115    357.0  -35.8   26  -48.6  274  46.9   319.0    0.1
  29 25     4.8    8140    355.7  -35.9   26  -48.7  274  46.9   319.2    0.1
  29 30     4.8    8166    354.4  -36.1   26  -48.9  275  48.3   319.3    0.1
  29 35     5.0    8192    353.0  -36.3   26  -49.0  275  48.3   319.4    0.1
  29 40     5.0    8218    351.7  -36.5   25  -49.6  276  49.7   319.5    0.1
  29 45     5.1    8242    350.5  -36.5   25  -49.5  276  49.7   319.8    0.1
  29 50     5.1    8267    349.2  -36.6   24  -50.0  276  50.7   320.0    0.1
  29 55     5.0    8291    348.0  -36.6   24  -50.0  276  50.7   320.3    0.1
  30  0     5.0    8315    346.8  -36.7   23  -50.5  277  51.7   320.5    0.1
  30  5     4.6    8335    345.8  -36.7   22  -50.8  277  51.7   320.8    0.1
  30 10     4.6    8355    344.8  -36.7   20  -51.7  278  52.6   321.0    0.1
  30 15     4.3    8375    343.8  -36.7   19  -52.1  278  52.6   321.3    0.1
  30 20     4.3    8396    342.8  -36.8   18  -52.7  278  53.4   321.4    0.1
  30 25     4.0    8416    341.8  -36.9   17  -53.2  278  53.4   321.6    0.1
  30 30     4.0    8436    340.8  -37.0   16  -53.9  279  53.9   321.7    0.1
  30 35     4.1    8456    339.8  -37.1   16  -53.9  279  53.9   321.8    0.1
  30 40     4.1    8477    338.8  -37.2   15  -54.6  279  54.6   322.0    0.1
  30 45     4.0    8497    337.8  -37.3   15  -54.6  279  54.6   322.1    0.1
  30 50     4.0    8517    336.8  -37.4   15  -54.8  280  55.4   322.2    0.1
  30 55     4.2    8539    335.8  -37.5   15  -54.8  280  55.4   322.4    0.1
  31  0     4.2    8561    334.7  -37.6   14  -55.5  280  56.2   322.5    0.1
  31  5     4.3    8583    333.6  -37.7   14  -55.5  280  56.2   322.7    0.1
  31 10     4.3    8605    332.6  -37.8   14  -55.7  281  57.3   322.9    0.1
  31 15     4.3    8626    331.6  -37.9   16  -54.6  281  57.3   323.0    0.1
  31 20     4.3    8647    330.6  -38.1   17  -54.3  281  58.2   323.0    0.1
  31 25     4.2    8667    329.6  -38.2   18  -53.9  281  58.2   323.1    0.1
  31 30     4.2    8687    328.6  -38.3   18  -54.0  282  58.9   323.3    0.1
  31 35     4.1    8707    327.7  -38.2   18  -53.9  282  58.9   323.7    0.1
  31 40     4.1    8728    326.7  -38.2   17  -54.4  282  59.6   324.0    0.1
  31 45     4.0    8747    325.8  -38.2   17  -54.3  282  59.6   324.2    0.1
  31 50     4.0    8766    324.9  -38.3   16  -55.0  282  60.1   324.3    0.1
  31 55     3.9    8785    324.0  -38.4   16  -55.0  282  60.1   324.5    0.1
  32  0     3.9    8805    323.1  -38.6   15  -55.8  283  60.6   324.4    0.1
  32  5     4.0    8826    322.1  -38.7   15  -55.8  283  60.6   324.6    0.1
  32 10     4.0    8847    321.1  -38.9   15  -56.0  283  60.8   324.6    0.1
  32 15     4.1    8868    320.1  -39.0   15  -56.1  283  60.8   324.8    0.1
  32 20     4.1    8889    319.1  -39.2   15  -56.3  283  61.2   324.8    0.1
  32 25     4.1    8909    318.2  -39.3   15  -56.3  283  61.2   324.9    0.1
  32 30     4.1    8929    317.3  -39.4   15  -56.5  283  61.4   325.0    0.1
  32 35     4.1    8949    316.3  -39.5   15  -56.5  283  61.4   325.2    0.1
  32 40     4.1    8969    315.4  -39.7   15  -56.7  283  61.7   325.2    0.1
  32 45     4.0    8989    314.5  -39.8   15  -56.8  283  61.7   325.3    0.1
  32 50     4.0    9010    313.5  -40.0   15  -57.0  283  61.8   325.3    0.1
  32 55     4.2    9032    312.5  -40.2   15  -57.1  283  61.8   325.3    0.1
  33  0     4.2    9054    311.5  -40.4   15  -57.3  283  62.0   325.3    0.1
  33  5     4.2    9074    310.6  -40.5   15  -57.3  283  62.0   325.5    0.1
  33 10     4.2    9094    309.7  -40.7   15  -57.6  283  62.3   325.5    0.1
  33 15     4.1    9113    308.8  -40.8   15  -57.6  283  62.3   325.6    0.1
  33 20     4.1    9133    307.9  -40.9   15  -57.7  283  62.6   325.7    0.1
  33 25     4.0    9153    307.0  -41.0   15  -57.8  283  62.6   325.9    0.1
  33 30     4.0    9173    306.1  -41.2   15  -58.0  283  62.8   325.9    0.1
  33 35     4.0    9194    305.2  -41.4   15  -58.1  283  62.8   325.9    0.0
  33 40     4.0    9215    304.2  -41.6   15  -58.3  283  62.9   325.9    0.1
  33 45     4.1    9235    303.3  -41.7   16  -57.8  283  62.9   326.0    0.1
  33 50     4.1    9256    302.4  -41.9   16  -58.1  283  63.0   326.0    0.1
  33 55     4.3    9278    301.4  -42.1   16  -58.2  283  63.0   326.0    0.0
  34  0     4.3    9301    300.4  -42.3   16  -58.4  284  63.1   326.1    0.1
  34  5     4.3    9322    299.4  -42.5   16  -58.5  284  63.1   326.1    0.0
  34 10     4.3    9344    298.5  -42.7   16  -58.7  284  63.1   326.1    0.1
  34 15     4.4    9366    297.5  -42.9   16  -58.9  284  63.1   326.1    0.0
  34 20     4.4    9388    296.5  -43.1   16  -59.1  284  63.0   326.2    0.1
  34 25     4.3    9409    295.6  -43.2   16  -59.1  284  63.0   326.3    0.0
  34 30     4.3    9431    294.7  -43.4   16  -59.3  284  62.9   326.3    0.0
  34 35     4.4    9454    293.6  -43.6   16  -59.5  284  62.9   326.4    0.0
  34 40     4.4    9477    292.6  -43.8   15  -60.2  283  62.9   326.4    0.0
  34 45     4.4    9499    291.7  -43.9   15  -60.2  283  62.9   326.6    0.0
  34 50     4.4    9521    290.7  -44.1   15  -60.4  283  62.7   326.6    0.0
  34 55     4.5    9543    289.8  -44.2   15  -60.5  283  62.7   326.7    0.0
  35  0     4.5    9565    288.8  -44.4   14  -61.2  283  62.5   326.8    0.0
  35  5     4.4    9587    287.9  -44.5   13  -61.9  283  62.5   326.9    0.0
  35 10     4.4    9609    286.9  -44.6   12  -62.6  283  62.2   327.1    0.0
  35 15     4.4    9631    286.0  -44.8   12  -62.7  283  62.2   327.1    0.0
  35 20     4.4    9653    285.0  -45.0   11  -63.6  283  61.8   327.2    0.0
  35 25     4.4    9675    284.1  -45.1   11  -63.7  283  61.8   327.3    0.0
  35 30     4.4    9697    283.2  -45.3   10  -64.6  283  61.4   327.3    0.0
  35 35     4.4    9719    282.2  -45.4   10  -64.6  283  61.4   327.5    0.0
  35 40     4.4    9741    281.3  -45.6    9  -65.6  283  60.8   327.5    0.0
  35 45     4.4    9763    280.4  -45.6    9  -65.6  283  60.8   327.8    0.0
  35 50     4.4    9785    279.4  -45.7    8  -66.6  283  60.3   328.0    0.0
  35 55     4.3    9806    278.6  -45.7    8  -66.6  283  60.3   328.3    0.0
  36  0     4.3    9827    277.7  -45.8    7  -67.7  283  59.6   328.5    0.0
  36  5     4.4    9850    276.7  -45.8    7  -67.6  283  59.6   328.8    0.0
  36 10     4.4    9874    275.7  -45.9    6  -68.9  283  58.9   329.0    0.0
  36 15     4.5    9897    274.8  -45.9    6  -68.8  283  58.9   329.3    0.0
  36 20     4.5    9920    273.8  -46.0    5  -70.2  283  58.3   329.5    0.0
  36 25     4.6    9942    272.9  -46.1    5  -70.3  283  58.3   329.7    0.0
  36 30     4.6    9964    272.0  -46.2    4  -72.0  283  57.8   329.8    0.0
  36 35     4.4    9985    271.2  -46.3    4  -72.0  283  57.8   330.0    0.0
  36 40     4.4   10006    270.3  -46.5    4  -72.2  283  57.3   330.0    0.0
  36 45     4.4   10029    269.4  -46.6    4  -72.2  283  57.3   330.2    0.0
  36 50     4.4   10053    268.4  -46.8    4  -72.4  283  57.0   330.2    0.0
  36 55     4.5   10076    267.5  -46.9    4  -72.5  283  57.0   330.4    0.0
  37  0     4.5   10100    266.5  -47.1    3  -74.6  284  56.8   330.5    0.0
  37  5     4.7   10123    265.6  -47.2    3  -74.7  284  56.8   330.6    0.0
  37 10     4.7   10147    264.6  -47.4    3  -74.9  284  56.8   330.7    0.0
  37 15     4.7   10171    263.7  -47.6    3  -75.0  284  56.8   330.7    0.0
  37 20     4.7   10195    262.7  -47.8    3  -75.2  284  56.9   330.8    0.0
  37 25     4.8   10219    261.7  -47.9    3  -75.2  284  56.9   331.0    0.0
  37 30     4.8   10243    260.8  -48.1    3  -75.4  285  57.1   331.0    0.0
  37 35     4.8   10266    259.9  -48.2    3  -75.4  285  57.1   331.2    0.0
  37 40     4.8   10290    259.0  -48.4    3  -75.6  285  57.4   331.3    0.0
  37 45     4.7   10312    258.1  -48.3    3  -75.5  285  57.4   331.7    0.0
  37 50     4.7   10335    257.2  -48.3    3  -75.5  285  58.0   332.1    0.0
  37 55     4.6   10357    256.3  -48.3    3  -75.5  285  58.0   332.4    0.0
  38  0     4.6   10380    255.4  -48.3    3  -75.5  286  58.5   332.7    0.0
  38  5     4.4   10401    254.6  -48.4    3  -75.6  286  58.5   332.9    0.0
  38 10     4.4   10423    253.8  -48.5    3  -75.7  286  58.7   333.0    0.0
  38 15     4.5   10446    252.9  -48.6    3  -75.7  286  58.7   333.2    0.0
  38 20     4.5   10470    252.0  -48.8    3  -75.9  287  58.9   333.3    0.0
  38 25     4.5   10492    251.1  -48.9    3  -76.0  287  58.9   333.5    0.0
  38 30     4.5   10515    250.3  -49.0    3  -76.1  287  59.0   333.6    0.0
  38 35     4.5   10537    249.4  -49.0    3  -76.0  287  59.0   334.0    0.0
  38 40     4.5   10559    248.5  -49.1    3  -76.1  288  58.9   334.2    0.0
  38 45     4.5   10582    247.7  -49.1    3  -76.1  288  58.9   334.5    0.0
  38 50     4.5   10606    246.8  -49.1    2  -78.8  289  58.7   334.8    0.0
  38 55     4.5   10628    245.9  -49.1    2  -78.8  289  58.7   335.2    0.0
  39  0     4.5   10651    245.1  -49.1    2  -78.8  289  58.3   335.5    0.0
  39  5     4.7   10675    244.2  -49.1    2  -78.8  289  58.3   335.9    0.0
  39 10     4.7   10699    243.3  -49.1    2  -78.8  290  57.7   336.2    0.0
  39 15     4.7   10723    242.4  -49.2    2  -78.8  290  57.7   336.4    0.0
  39 20     4.7   10747    241.5  -49.3    2  -79.0  290  57.6   336.6    0.0
  39 25     4.8   10771    240.6  -49.3    2  -78.9  290  57.6   337.0    0.0
  39 30     4.8   10796    239.7  -49.4    1  -83.4  290  57.4   337.2    0.0
  39 35     4.8   10820    238.8  -49.4    1  -83.3  290  57.4   337.6    0.0
  39 40     4.8   10844    238.0  -49.4    1  -83.4  290  57.3   337.9    0.0
  39 45     4.8   10868    237.1  -49.4    1  -83.3  290  57.3   338.3    0.0
  39 50     4.8   10892    236.2  -49.4    1  -83.4  290  57.7   338.6    0.0
  39 55     4.7   10914    235.4  -49.4    1  -83.3  290  57.7   339.0    0.0
  40  0     4.7   10937    234.6  -49.5    1  -83.4  290  58.0   339.1    0.0
  40  5     4.8   10962    233.7  -49.5    1  -83.4  290  58.0   339.5    0.0
  40 10     4.8   10988    232.8  -49.6    1  -83.5  291  57.8   339.7    0.0
  40 15     4.9   11013    231.9  -49.6    1  -83.5  291  57.8   340.1    0.0
  40 20     4.9   11038    231.0  -49.7    1  -83.6  291  57.7   340.3    0.0
  40 25     5.0   11062    230.2  -49.7    1  -83.5  291  57.7   340.7    0.0
  40 30     5.0   11087    229.3  -49.7    1  -83.6  291  57.3   341.1    0.0
  40 35     5.0   11112    228.4  -49.8    1  -83.6  291  57.3   341.3    0.0
  40 40     5.0   11137    227.6  -49.9    1  -83.7  292  56.5   341.5    0.0
  40 45     4.9   11161    226.7  -49.8    1  -83.6  292  56.5   342.0    0.0
  40 50     4.9   11186    225.9  -49.8    1  -83.7  292  56.3   342.4    0.0
  40 55     5.0   11211    225.0  -49.7    1  -83.5  292  56.3   342.9    0.0
  41  0     5.0   11236    224.2  -49.7    1  -83.6  293  56.3   343.3    0.0
  41  5     4.8   11259    223.4  -49.7    1  -83.5  293  56.3   343.6    0.0
  41 10     4.8   11282    222.6  -49.7    1  -83.6  294  56.4   344.0    0.0
  41 15     4.8   11306    221.8  -49.7    1  -83.5  294  56.4   344.3    0.0
  41 20     4.8   11330    221.0  -49.7    1  -83.6  295  56.7   344.7    0.0
  41 25     4.7   11353    220.2  -49.6    1  -83.5  295  56.7   345.2    0.0
  41 30     4.7   11376    219.4  -49.6    1  -83.5  295  57.2   345.6    0.0
  41 35     4.7   11399    218.6  -49.7    1  -83.5  295  57.2   345.8    0.0
  41 40     4.7   11423    217.8  -49.8    1  -83.7  296  58.0   346.0    0.0
  41 45     4.7   11447    217.0  -49.9    1  -83.7  296  58.0   346.2    0.0
  41 50     4.7   11471    216.3  -50.0    1  -83.8  296  58.8   346.4    0.0
  41 55     4.7   11494    215.5  -50.1    1  -83.8  296  58.8   346.6    0.0
  42  0     4.7   11518    214.7  -50.3    1  -84.0  297  59.8   346.6    0.0
  42  5     4.7   11541    213.9  -50.4    1  -84.0  297  59.8   346.8    0.0
  42 10     4.7   11565    213.2  -50.6    1  -84.2  297  60.9   346.9    0.0
  42 15     4.8   11589    212.4  -50.7    1  -84.2  297  60.9   347.1    0.0
  42 20     4.8   11614    211.6  -50.9    1  -84.4  297  61.7   347.1    0.0
  42 25     4.8   11638    210.8  -51.0    1  -84.5  297  61.7   347.4    0.0
  42 30     4.8   11663    210.0  -51.2    1  -84.6  297  62.5   347.4    0.0
  42 35     4.9   11687    209.2  -51.4    1  -84.7  297  62.5   347.5    0.0
  42 40     4.9   11711    208.4  -51.6    1  -84.9  297  63.1   347.6    0.0
  42 45     4.7   11733    207.7  -51.8    1  -85.0  297  63.1   347.6    0.0
  42 50     4.7   11756    207.0  -52.0    1  -85.2  297  63.4   347.6    0.0
  42 55     4.6   11779    206.2  -52.2    1  -85.3  297  63.4   347.7    0.0
  43  0     4.6   11802    205.5  -52.4    1  -85.5  297  63.6   347.7    0.0
  43  5     4.6   11825    204.8  -52.5    1  -85.5  297  63.6   347.9    0.0
  43 10     4.6   11848    204.0  -52.7    1  -85.7  297  63.5   348.0    0.0
  43 15     4.5   11870    203.4  -52.8    1  -85.7  297  63.5   348.1    0.0
  43 20     4.5   11892    202.7  -52.9    1  -85.8  296  63.3   348.3    0.0
  43 25     4.5   11915    201.9  -53.0    1  -85.9  296  63.3   348.5    0.0
  43 30     4.5   11938    201.2  -53.1    1  -86.0  296  62.9   348.7    0.0
  43 35     4.5   11960    200.5  -53.2    1  -86.0  296  62.9   348.9    0.0
  43 40     4.5   11983    199.8  -53.4    1  -86.2  296  62.1   348.9    0.0
  43 45     4.5   12005    199.1  -53.5    1  -86.2  296  62.1   349.1    0.0
  43 50     4.5   12027    198.4  -53.6    1  -86.3  296  61.6   349.3    0.0
  43 55     4.4   12049    197.8  -53.7    1  -86.4  296  61.6   349.5    0.0
  44  0     4.4   12071    197.1  -53.8    1  -86.5  296  61.4   349.7    0.0
  44  5     4.6   12095    196.4  -53.9    1  -86.5  296  61.4   349.9    0.0
  44 10     4.6   12120    195.6  -54.0    1  -86.6  296  61.4   350.1    0.0
  44 15     4.7   12143    194.9  -54.1    1  -86.6  296  61.4   350.3    0.0
  44 20     4.7   12167    194.2  -54.2    1  -86.7  297  61.4   350.5    0.0
  44 25     4.8   12191    193.4  -54.2    1  -86.7  297  61.4   350.9    0.0
  44 30     4.8   12215    192.7  -54.3    1  -86.8  296  61.7   351.1    0.0
  44 35     4.9   12241    191.9  -54.3    1  -86.8  296  61.7   351.6    0.0
  44 40     4.9   12267    191.2  -54.4    1  -86.9  296  62.1   351.8    0.0
  44 45     5.0   12292    190.4  -54.6    1  -87.0  296  62.1   351.9    0.0
  44 50     5.0   12317    189.7  -54.8    1  -87.2  296  62.9   351.9    0.0
  44 55     5.1   12342    188.9  -55.0    1  -87.3  296  62.9   352.0    0.0
  45  0     5.1   12367    188.2  -55.2    1  -87.5  296  63.5   352.1    0.0
  45  5     5.0   12392    187.5  -55.4    1  -87.6  296  63.5   352.1    0.0
  45 10     5.0   12418    186.7  -55.7    1  -87.8  296  64.0   352.1    0.0
  45 15     5.0   12443    186.0  -55.9    1  -87.9  296  64.0   352.1    0.0
  45 20     5.0   12468    185.2  -56.1    1  -88.1  296  64.4   352.2    0.0
  45 25     5.1   12493    184.5  -56.3    1  -88.2  296  64.4   352.3    0.0
  45 30     5.1   12519    183.8  -56.6    1  -88.4  296  64.7   352.2    0.0
  45 35     5.0   12543    183.0  -56.8    1  -88.5  296  64.7   352.3    0.0
  45 40     5.0   12568    182.3  -57.0    1  -88.7  295  64.9   352.4    0.0
  45 45     5.0   12593    181.6  -57.2    1  -88.8  295  64.9   352.4    0.0
  45 50     5.0   12619    180.9  -57.4    1  -89.0  295  65.0   352.5    0.0
  45 55     5.1   12646    180.1  -57.6    1  -89.1  295  65.0   352.6    0.0
  46  0     5.1   12673    179.3  -57.9    1  -89.4  295  65.0   352.6    0.0
  46  5     5.0   12696    178.7  -58.1    2  -85.4  295  65.0   352.6    0.0
  46 10     5.0   12719    178.0  -58.3    2  -85.6  294  64.9   352.7    0.0
  46 15     4.9   12743    177.3  -58.5    2  -85.7  294  64.9   352.7    0.0
  46 20     4.9   12767    176.7  -58.7    2  -85.9  294  64.7   352.7    0.0
  46 25     4.7   12790    176.0  -58.8    2  -85.9  294  64.7   353.0    0.0
  46 30     4.7   12814    175.3  -59.0    2  -86.1  293  64.5   353.1    0.0
  46 35     4.7   12837    174.7  -59.1    2  -86.2  293  64.5   353.2    0.0
  46 40     4.7   12860    174.1  -59.2    2  -86.3  293  64.2   353.4    0.0
  46 45     4.6   12883    173.4  -59.3    2  -86.3  293  64.2   353.7    0.0
  46 50     4.6   12906    172.8  -59.5    2  -86.5  292  64.0   353.7    0.0
  46 55     4.6   12929    172.1  -59.7    2  -86.6  292  64.0   353.8    0.0
  47  0     4.6   12953    171.5  -59.9    2  -86.8  292  63.9   353.8    0.0
  47  5     4.5   12974    170.9  -60.1    2  -86.9  292  63.9   353.8    0.0
  47 10     4.5   12996    170.3  -60.3    2  -87.1  291  63.7   353.8    0.0
  47 15     4.5   13018    169.7  -60.4    2  -87.1  291  63.7   354.0    0.0
  47 20     4.5   13040    169.1  -60.6    2  -87.3  291  63.6   354.1    0.0
  47 25     4.5   13063    168.5  -60.8    2  -87.4  291  63.6   354.1    0.0
  47 30     4.5   13087    167.8  -61.0    2  -87.6  291  63.5   354.2    0.0
  47 35     4.7   13111    167.2  -61.2    2  -87.7  291  63.5   354.2    0.0
  47 40     4.7   13136    166.5  -61.4    2  -87.9  290  63.2   354.3    0.0
  47 45     4.9   13161    165.9  -61.6    2  -88.0  290  63.2   354.3    0.0
  47 50     4.9   13187    165.2  -61.9    2  -88.3  289  63.1   354.3    0.0
  47 55     5.0   13212    164.5  -61.9    2  -88.3  289  63.1   354.7    0.0
  48  0     5.0   13238    163.8  -62.0    2  -88.4  288  62.6   355.0    0.0
  48  5     5.1   13263    163.1  -62.0    2  -88.3  288  62.6   355.4    0.0
  48 10     5.1   13288    162.5  -62.1    2  -88.5  287  62.1   355.6    0.0
  48 15     5.0   13312    161.8  -62.0    2  -88.3  287  62.1   356.2    0.0
  48 20     5.0   13337    161.2  -62.0    2  -88.4  286  61.9   356.6    0.0
  48 25     4.8   13360    160.6  -61.9    2  -88.3  286  61.9   357.1    0.0
  48 30     4.8   13383    160.0  -61.9    2  -88.3  284  61.8   357.5    0.0
  48 35     4.7   13406    159.4  -61.8    2  -88.2  284  61.8   358.1    0.0
  48 40     4.7   13429    158.8  -61.7    2  -88.2  283  61.7   358.6    0.0
  48 45     4.5   13450    158.3  -61.7    2  -88.1  283  61.7   359.0    0.0
  48 50     4.5   13471    157.8  -61.8    2  -88.2  282  62.2   359.1    0.0
  48 55     4.3   13491    157.2  -61.8    2  -88.2  282  62.2   359.5    0.0
  49  0     4.3   13512    156.7  -61.9    2  -88.3  281  61.9   359.7    0.0
  49  5     4.1   13532    156.2  -62.0    2  -88.3  281  61.9   359.8    0.0
  49 10     4.1   13553    155.7  -62.1    2  -88.5  280  61.9   360.0    0.0
  49 15     4.3   13576    155.1  -62.2    2  -88.5  280  61.9   360.2    0.0
  49 20     4.3   13599    154.5  -62.4    2  -88.7  279  61.9   360.3    0.0
  49 25     4.6   13624    153.9  -61.5    2  -88.0  279  61.9   362.2    0.0
  49 30     4.6   13649    153.3  -60.6    2  -87.3  278  61.3   364.2    0.0
  49 35     5.0   13675    152.6  -60.3    2  -87.1  278  61.3   365.2    0.0
  49 40     5.0   13702    152.0  -60.0    2  -86.9  277  60.3   366.1    0.0
  49 45     5.3   13729    151.3  -60.2    2  -87.0  277  60.3   366.2    0.0
  49 50     5.3   13757    150.6  -60.4    2  -87.2  276  59.0   366.4    0.0
  49 55     5.5   13785    150.0  -60.6    2  -87.3  276  59.0   366.4    0.0
  50  0     5.5   13813    149.3  -60.8    2  -87.5  276  57.5   366.6    0.0
  50  5     5.5   13840    148.6  -60.9    2  -87.5  276  57.5   366.9    0.0
  50 10     5.5   13867    148.0  -61.1    2  -87.7  275  56.0   367.0    0.0
  50 15     5.5   13894    147.4  -61.2    2  -87.7  275  56.0   367.3    0.0
  50 20     5.5   13921    146.7  -61.4    2  -87.9  274  54.6   367.4    0.0
  50 25     5.5   13949    146.1  -61.5    2  -88.0  274  54.6   367.7    0.0
  50 30     5.5   13977    145.4  -61.6    2  -88.1  273  53.3   368.0    0.0
  50 35     5.4   14003    144.8  -61.7    2  -88.1  273  53.3   368.3    0.0
  50 40     5.4   14030    144.2  -61.8    2  -88.2  272  52.3   368.5    0.0
  50 45     5.4   14056    143.5  -61.4    2  -87.9  272  52.3   369.7    0.0
  50 50     5.4   14083    142.9  -61.0    2  -87.6  270  51.5   370.9    0.0
  50 55     5.3   14109    142.3  -60.6    2  -87.3  270  51.5   372.0    0.0
  51  0     5.3   14135    141.8  -60.2    2  -87.0  268  51.1   373.1    0.0
  51  5     5.3   14161    141.2  -59.9    2  -86.8  268  51.1   374.1    0.0
  51 10     5.3   14188    140.5  -59.6    1  -90.6  267  50.5   375.2    0.0
  51 15     5.2   14214    140.0  -59.4    1  -90.4  267  50.5   375.9    0.0
  51 20     5.2   14240    139.4  -59.2    1  -90.3  265  49.9   376.7    0.0
  51 25     5.2   14266    138.8  -59.0    1  -90.1  265  49.9   377.5    0.0
  51 30     5.2   14292    138.2  -58.9    1  -90.1  263  49.4   378.2    0.0
  51 35     5.1   14316    137.7  -58.9    1  -90.0  263  49.4   378.6    0.0
  51 40     5.1   14341    137.2  -58.9    1  -90.1  261  48.5   379.0    0.0
  51 45     5.0   14365    136.6  -58.9    1  -90.0  261  48.5   379.4    0.0
  51 50     5.0   14390    136.1  -58.9    1  -90.1  260  47.6   379.8    0.0
  51 55     4.9   14414    135.6  -58.9    1  -90.0  260  47.6   380.2    0.0
  52  0     4.9   14439    135.0  -59.0    1  -90.1  259  46.8   380.5    0.0
  52  5     4.9   14463    134.5  -59.1    1  -90.2  259  46.8   380.8    0.0
  52 10     4.9   14488    134.0  -59.2    1  -90.3  258  46.0   381.0    0.0
  52 15     4.9   14512    133.5  -59.3    1  -90.3  258  46.0   381.2    0.0
  52 20     4.9   14537    132.9  -59.5    1  -90.5  258  45.1   381.4    0.0
  52 25     5.0   14563    132.4  -59.7    1  -90.6  258  45.1   381.4    0.0
  52 30     5.0   14589    131.8  -59.9    1  -90.8  258  44.0   381.6    0.0
  52 35     5.1   14614    131.3  -60.1    1  -90.9  258  44.0   381.6    0.0
  52 40     5.1   14640    130.8  -60.3    1  -91.1  258  42.9   381.7    0.0
  52 45     5.2   14667    130.2  -60.4    1  -91.1  258  42.9   382.0    0.0
  52 50     5.2   14694    129.6  -60.6    1  -91.3  258  41.8   382.2    0.0
  52 55     5.3   14721    129.1  -60.8    1  -91.4  258  41.8   382.2    0.0
  53  0     5.3   14748    128.5  -61.0    1  -91.6  258  40.4   382.4    0.0
  53  5     5.3   14773    128.0  -61.1    1  -91.6  258  40.4   382.6    0.0
  53 10     5.3   14798    127.5  -61.3    1  -91.8  258  38.9   382.7    0.0
  53 15     5.2   14824    126.9  -61.3    1  -91.7  258  38.9   383.2    0.0
  53 20     5.2   14850    126.4  -61.4    1  -91.9  259  37.5   383.5    0.0
  53 25     5.1   14875    125.9  -61.4    1  -91.8  259  37.5   383.9    0.0
  53 30     5.1   14900    125.4  -61.5    1  -91.9  260  36.3   384.1    0.0
  53 35     5.1   14925    124.9  -61.5    1  -91.9  260  36.3   384.6    0.0
  53 40     5.1   14950    124.4  -61.5    1  -91.9  261  35.2   385.0    0.0
  53 45     5.0   14975    123.9  -61.4    1  -91.8  261  35.2   385.7    0.0
  53 50     5.0   15000    123.4  -61.4    1  -91.9  262  34.0   386.1    0.0
  53 55     5.1   15026    122.9  -61.3    1  -91.7  262  34.0   386.7    0.0
  54  0     5.1   15053    122.3  -61.2    1  -91.7  264  32.6   387.5    0.0
  54  5     5.0   15076    121.9  -61.0    1  -91.5  264  32.6   388.2    0.0
  54 10     5.0   15100    121.4  -60.9    1  -91.5  266  31.4   388.8    0.0
  54 15     5.0   15125    120.9  -60.8    1  -91.4  266  31.4   389.5    0.0
  54 20     5.0   15150    120.5  -60.7    1  -91.4  268  30.3   390.0    0.0
  54 25     4.9   15175    120.0  -60.7    1  -91.3  268  30.3   390.5    0.0
  54 30     4.9   15201    119.5  -60.7    1  -91.4  270  29.6   391.0    0.0
  54 35     5.0   15226    119.0  -60.7    1  -91.3  270  29.6   391.4    0.0
  54 40     5.0   15251    118.5  -60.7    1  -91.4  273  28.9   391.9    0.0
  54 45     5.0   15276    118.0  -60.6    1  -91.2  273  28.9   392.6    0.0
  54 50     5.0   15301    117.5  -60.6    1  -91.3  276  28.4   393.1    0.0
  54 55     5.0   15325    117.1  -60.2    1  -91.0  276  28.4   394.2    0.0
  55  0     5.0   15350    116.6  -59.9    1  -90.8  279  28.1   395.2    0.0
  55  5     4.9   15374    116.2  -59.6    1  -90.5  279  28.1   396.2    0.0
  55 10     4.9   15398    115.8  -59.3    1  -90.4  281  28.1   397.1    0.0
  55 15     4.8   15421    115.3  -59.0    1  -90.1  281  28.1   398.2    0.0
  55 20     4.8   15445    114.9  -58.8    1  -90.0  283  28.3   398.9    0.0
  55 25     4.7   15468    114.4  -58.6    1  -89.8  283  28.3   399.8    0.0
  55 30     4.7   15492    114.0  -58.5    1  -89.8  285  28.2   400.4    0.0
  55 35     4.7   15516    113.6  -58.3    1  -89.6  285  28.2   401.2    0.0
  55 40     4.7   15540    113.2  -58.1    1  -89.5  287  28.0   402.0    0.0
  55 45     4.8   15564    112.7  -58.1    1  -89.5  287  28.0   402.5    0.0
  55 50     4.8   15589    112.3  -58.2    1  -89.6  288  27.7   402.7    0.0
  55 55     4.9   15614    111.8  -58.3    1  -89.6  288  27.7   403.0    0.0
  56  0     4.9   15640    111.4  -58.4    1  -89.7  289  27.5   403.2    0.0
  56  5     5.1   15667    110.9  -58.6    1  -89.8  289  27.5   403.4    0.0
  56 10     5.1   15694    110.4  -58.8    1  -90.0  289  27.4   403.5    0.0
  56 15     5.2   15720    110.0  -59.0    1  -90.1  289  27.4   403.6    0.0
  56 20     5.2   15746    109.5  -59.3    1  -90.4  290  27.3   403.5    0.0
  56 25     5.3   15772    109.1  -59.5    1  -90.5  290  27.3   403.6    0.0
  56 30     5.3   15798    108.6  -59.7    1  -90.6  289  27.2   403.7    0.0
  56 35     5.2   15823    108.2  -59.9    1  -90.7  289  27.2   403.8    0.0
  56 40     5.2   15849    107.7  -60.1    1  -90.9  289  27.1   403.9    0.0
  56 45     5.2   15876    107.3  -60.3    1  -91.0  289  27.1   404.0    0.0
  56 50     5.2   15903    106.8  -60.5    1  -91.2  288  26.7   404.2    0.0
  56 55     5.2   15928    106.4  -60.6    1  -91.2  288  26.7   404.4    0.0
  57  0     5.2   15954    105.9  -60.8    1  -91.4  285  26.3   404.6    0.0
  57  5     5.3   15981    105.4  -60.9    1  -91.5  285  26.3   404.9    0.0
  57 10     5.3   16009    105.0  -61.0    1  -91.6  282  25.8   405.2    0.0
  57 15     5.5   16038    104.5  -61.1    1  -91.6  282  25.8   405.5    0.0
  57 20     5.5   16067    104.0  -61.2    1  -91.7  279  25.2   405.9    0.0
  57 25     5.7   16096    103.5  -61.4    1  -91.8  279  25.2   406.1    0.0
  57 30     5.7   16126    103.0  -61.6    1  -92.0  274  24.4   406.3    0.0
  57 35     6.0   16157    102.5  -61.6    1  -92.0  274  24.4   406.8    0.0
  57 40     6.0   16188    102.0  -61.6    1  -92.0  267  23.6   407.4    0.0
  57 45     6.0   16217    101.5  -61.1    1  -91.6  267  23.6   409.0    0.0
  57 50     6.0   16247    101.0  -60.7    1  -91.4  260  22.7   410.3    0.0
  57 55     5.8   16274    100.6  -60.5    1  -91.2  260  22.7   411.2    0.0
  58  0     5.8   16301    100.2  -60.4    1  -91.1  255  21.7   411.8    0.0
  58  5     5.5   16326     99.7  -60.3    1  -91.0  255  21.7   412.6    0.0
  58 10     5.5   16352     99.3  -60.2    1  -91.0  252  20.5   413.3    0.0
  58 15     5.1   16376     99.0  -60.1    1  -90.9  252  20.5   413.8    0.0
  58 20     5.1   16400     98.6  -60.1    1  -90.9  250  19.2   414.3    0.0
  58 25     5.0   16425     98.2  -60.1    1  -90.9  250  19.2   414.8    0.0
  58 30     5.0   16451     97.8  -60.1    1  -90.9  248  17.9   415.3    0.0
  58 35     5.1   16477     97.4  -60.2    1  -91.0  248  17.9   415.6    0.0
  58 40     5.1   16504     97.0  -60.3    1  -91.1  248  16.3   415.9    0.0
  58 45     5.3   16532     96.5  -60.4    1  -91.1  248  16.3   416.3    0.0
  58 50     5.3   16560     96.1  -60.6    1  -91.3  249  14.8   416.4    0.0
  58 55     5.5   16587     95.7  -60.7    1  -91.3  249  14.8   416.7    0.0
  59  0     5.5   16615     95.2  -60.8    1  -91.4  251  13.6   417.1    0.0
  59  5     5.5   16641     94.8  -60.8    1  -91.4  251  13.6   417.6    0.0
  59 10     5.5   16668     94.4  -60.9    1  -91.5  254  12.5   417.9    0.0
  59 15     5.3   16693     94.0  -61.0    1  -91.5  254  12.5   418.3    0.0
  59 20     5.3   16719     93.6  -61.1    1  -91.6  256  11.5   418.6    0.0
  59 25     5.2   16745     93.2  -61.2    1  -91.7  256  11.5   418.9    0.0
  59 30     5.2   16772     92.9  -61.4    1  -91.9  260  10.7   418.9    0.0
  59 35     5.2   16798     92.5  -61.6    1  -92.0  260  10.7   419.0    0.0
  59 40     5.2   16825     92.1  -61.9    1  -92.2  265  10.2   418.9    0.0
  59 45     5.3   16851     91.7  -62.0    1  -92.3  265  10.2   419.3    0.0
  59 50     5.3   16878     91.3  -62.2    1  -92.4  269   9.7   419.4    0.0
  59 55     5.4   16906     90.9  -62.4    1  -92.5  269   9.7   419.5    0.0
  60  0     5.4   16934     90.5  -62.6    1  -92.7  275   9.4   419.7    0.0
  60  5     5.4   16960     90.1  -62.8    1  -92.8  275   9.4   419.8    0.0
  60 10     5.4   16986     89.7  -63.0    1  -93.0  281   9.3   419.9    0.0
  60 15     5.4   17013     89.3  -63.1    1  -93.0  281   9.3   420.3    0.0
  60 20     5.4   17041     88.9  -63.3    1  -93.2  288   9.3   420.4    0.0
  60 25     5.3   17067     88.5  -63.5    1  -93.3  288   9.3   420.5    0.0
  60 30     5.3   17094     88.1  -63.7    1  -93.5  294   9.6   420.7    0.0
  60 35     5.4   17121     87.7  -63.9    1  -93.6  294   9.6   420.8    0.0
  60 40     5.4   17148     87.4  -64.1    1  -93.8  297  10.1   420.9    0.0
  60 45     5.4   17175     87.0  -64.3    1  -93.9  297  10.1   421.0    0.0
  60 50     5.4   17202     86.6  -64.5    1  -94.1  300  10.8   421.2    0.0
  60 55     5.5   17230     86.2  -64.8    1  -94.3  300  10.8   421.1    0.0
  61  0     5.5   17259     85.8  -65.1    1  -94.5  302  11.6   421.1    0.0
  61  5     5.3   17282     85.5  -65.1    1  -94.5  302  11.6   421.5    0.0
  61 10     5.3   17306     85.1  -65.2    1  -94.6  303  12.8   421.9    0.0
  61 15     5.2   17331     84.8  -65.2    1  -94.5  303  12.8   422.3    0.0
  61 20     5.2   17357     84.4  -65.3    1  -94.7  302  14.1   422.7    0.0
  61 25     4.9   17382     84.1  -65.3    1  -94.6  302  14.1   423.1    0.0
  61 30     4.9   17407     83.7  -65.3    1  -94.7  299  14.9   423.7    0.0
  61 35     5.1   17432     83.4  -65.1    1  -94.5  299  14.9   424.5    0.0
  61 40     5.1   17458     83.0  -65.0    1  -94.4  299  15.6   425.3    0.0
  61 45     5.0   17482     82.7  -64.6    1  -94.1  299  15.6   426.6    0.0
  61 50     5.0   17507     82.4  -64.3    1  -93.9  299  16.4   427.6    0.0
  61 55     5.0   17532     82.0  -63.9    1  -93.6  299  16.4   429.0    0.0
  62  0     5.0   17558     81.7  -63.6    1  -93.4  298  16.8   430.1    0.0
  62  5     5.0   17582     81.4  -63.3    1  -93.2  298  16.8   431.2    0.0
  62 10     5.0   17607     81.0  -63.0    1  -93.0  300  16.7   432.4    0.0
  62 15     5.0   17632     80.7  -62.7    1  -92.8  300  16.7   433.5    0.0
  62 20     5.0   17657     80.4  -62.5    1  -92.6  303  16.6   434.4    0.0
  62 25     4.9   17681     80.1  -62.3    1  -92.5  303  16.6   435.2    0.0
  62 30     4.9   17705     79.8  -62.1    1  -92.4  305  16.8   436.1    0.0
  62 35     4.9   17729     79.4  -62.0    1  -92.3  305  16.8   437.0    0.0
  62 40     4.9   17753     79.1  -61.9    1  -92.2  306  17.3   437.6    0.0
  62 45     4.8   17777     78.8  -61.9    1  -92.2  306  17.3   438.1    0.0
  62 50     4.8   17802     78.5  -62.0    1  -92.3  306  17.7   438.4    0.0
  62 55     4.8   17826     78.2  -62.1    1  -92.3  306  17.7   438.7    0.0
  63  0     4.8   17850     77.9  -62.3    1  -92.5  305  18.2   438.7    0.0
  63  5     4.9   17875     77.6  -62.4    1  -92.5  305  18.2   439.0    0.0
  63 10     4.9   17900     77.3  -62.6    1  -92.7  304  18.8   439.1    0.0
  63 15     5.0   17926     76.9  -62.8    1  -92.8  304  18.8   439.3    0.0
  63 20     5.0   17952     76.6  -63.1    1  -93.1  302  19.3   439.2    0.0
  63 25     5.1   17977     76.3  -63.3    1  -93.2  302  19.3   439.3    0.0
  63 30     5.1   18003     76.0  -63.5    1  -93.4  300  19.7   439.3    0.0
  63 35     5.2   18029     75.7  -63.6    1  -93.4  300  19.7   439.6    0.0
  63 40     5.2   18056     75.3  -63.8    1  -93.6  298  19.7   439.9    0.0
  63 45     5.2   18082     75.0  -63.8    1  -93.5  298  19.7   440.4    0.0
  63 50     5.2   18108     74.7  -63.9    1  -93.7  294  19.5   440.7    0.0
  63 55     5.2   18133     74.4  -63.9    1  -93.6  294  19.5   441.2    0.0
  64  0     5.2   18159     74.1  -64.0    1  -93.7  290  19.2   441.5    0.0
  64  5     5.3   18186     73.7  -64.0    1  -93.7  290  19.2   442.2    0.0
  64 10     5.3   18214     73.4  -64.0    1  -93.7  285  18.7   442.7    0.0
  64 15     5.4   18242     73.1  -63.9    1  -93.6  285  18.7   443.4    0.0
  64 20     5.4   18271     72.7  -63.9    1  -93.7  279  17.8   444.1    0.0
  64 25     5.6   18299     72.4  -63.8    1  -93.5  279  17.8   444.9    0.0
  64 30     5.6   18328     72.1  -63.7    1  -93.5  272  16.6   445.6    0.0
  64 35     5.6   18355     71.7  -63.5    1  -93.3  272  16.6   446.7    0.0
  64 40     5.6   18383     71.4  -63.4    1  -93.3  263  15.7   447.5    0.0
  64 45     5.6   18411     71.1  -63.4    1  -93.3  263  15.7   448.0    0.0
  64 50     5.6   18439     70.8  -63.5    1  -93.4  256  14.9   448.4    0.0
  64 55     5.4   18465     70.5  -63.2    1  -93.1  256  14.9   449.6    0.0
  65  0     5.4   18491     70.2  -62.9    1  -92.9  250  14.0   450.7    0.0
  65  5     5.3   18517     69.9  -62.6    1  -92.7  250  14.0   451.9    0.0
  65 10     5.3   18543     69.6  -62.4    1  -92.6  245  12.8   452.9    0.0
  65 15     5.1   18567     69.3  -62.1    1  -92.3  245  12.8   454.1    0.0
  65 20     5.1   18592     69.0  -61.8    1  -92.1  240  11.6   455.4    0.0
  65 25     5.0   18617     68.8  -61.6    1  -92.0  240  11.6   456.2    0.0
  65 30     5.0   18642     68.5  -61.4    1  -91.9  236  10.2   457.2    0.0
  65 35     5.0   18667     68.2  -61.2    1  -91.7  236  10.2   458.2    0.0
  65 40     5.0   18692     67.9  -61.1    1  -91.6  234   9.2   459.0    0.0
  65 45     5.0   18717     67.7  -60.9    1  -91.5  234   9.2   459.8    0.0
  65 50     5.0   18742     67.4  -60.8    1  -91.4  233   8.3   460.6    0.0
  65 55     4.9   18765     67.1  -60.8    1  -91.4  233   8.3   461.2    0.0
  66  0     4.9   18789     66.9  -60.9    1  -91.5  230   7.5   461.4    0.0
  66  5     4.9   18814     66.6  -60.9    1  -91.5  230   7.5   462.0    0.0
  66 10     4.9   18839     66.3  -60.9    1  -91.5  232   6.6   462.6    0.0
  66 15     4.9   18864     66.1  -60.9    1  -91.5  232   6.6   463.0    0.0
  66 20     4.9   18889     65.8  -60.9    1  -91.5  233   6.0   463.6    0.0
  66 25     5.1   18915     65.5  -60.9    1  -91.5  233   6.0   464.2    0.0
  66 30     5.1   18941     65.3  -60.9    1  -91.5  231   5.7   464.6    0.0
  66 35     5.1   18967     65.0  -60.8    1  -91.4  231   5.7   465.4    0.0
  66 40     5.1   18993     64.7  -60.8    1  -91.4  227   5.6   466.0    0.0
  66 45     5.2   19018     64.5  -60.8    1  -91.4  227   5.6   466.4    0.0
  66 50     5.2   19044     64.2  -60.8    1  -91.4  223   5.4   467.1    0.0
  66 55     5.1   19069     63.9  -60.5    1  -91.2  223   5.4   468.4    0.0
  67  0     5.1   19094     63.7  -60.3    1  -91.1  214   4.7   469.2    0.0
  67  5     5.2   19121     63.4  -60.0    1  -90.8  214   4.7   470.5    0.0
  67 10     5.2   19149     63.1  -59.8    1  -90.7  205   4.2   471.6    0.0
  67 15     5.3   19176     62.8  -59.6    1  -90.5  205   4.2   472.7    0.0
  67 20     5.3   19204     62.6  -59.4    1  -90.4  202   3.9   473.6    0.0
  67 25     5.5   19231     62.3  -59.3    1  -90.3  202   3.9   474.4    0.0
  67 30     5.5   19258     62.0  -59.2    1  -90.3  202   3.7   475.3    0.0
  67 35     5.4   19284     61.8  -59.0    1  -90.1  202   3.7   476.2    0.0
  67 40     5.4   19311     61.5  -58.9    1  -90.1  204   3.1   477.1    0.0
  67 45     5.4   19338     61.2  -58.7    1  -89.9  204   3.1   478.2    0.0
  67 50     5.4   19366     61.0  -58.6    1  -89.9  206   2.5   478.9    0.0
  67 55     5.5   19394     60.7  -58.4    1  -89.7  206   2.5   480.0    0.0
  68  0     5.5   19423     60.4  -58.2    1  -89.6  217   2.1   481.1    0.0
  68  5     5.5   19449     60.2  -58.2    1  -89.5  217   2.1   481.6    0.0
  68 10     5.5   19475     59.9  -58.2    1  -89.6  230   2.0   482.3    0.0
  68 15     5.4   19502     59.7  -58.2    1  -89.5  230   2.0   482.8    0.0
  68 20     5.4   19529     59.4  -58.3    1  -89.6  235   1.9   483.2    0.0
  68 25     5.4   19556     59.2  -58.4    1  -89.7  235   1.9   483.5    0.0
  68 30     5.4   19584     58.9  -58.5    1  -89.8  239   1.9   483.9    0.0
  68 35     5.4   19611     58.6  -58.6    1  -89.8  239   1.9   484.4    0.0
  68 40     5.4   19638     58.4  -58.8    1  -90.0  239   2.0   484.5    0.0
  68 45     5.4   19664     58.1  -58.9    1  -90.0  239   2.0   484.9    0.0
  68 50     5.4   19690     57.9  -59.0    1  -90.1  232   2.3   485.2    0.0
  68 55     5.4   19717     57.7  -59.0    1  -90.1  232   2.3   485.7    0.0
  69  0     5.4   19745     57.4  -59.1    1  -90.2  228   2.7   486.2    0.0
  69  5     5.2   19769     57.2  -58.8    1  -90.0  228   2.7   487.4    0.0
  69 10     5.2   19794     57.0  -58.6    1  -89.9  232   2.9   488.3    0.0
  69 15     5.2   19820     56.7  -58.4    1  -89.7  232   2.9   489.5    0.0
  69 20     5.2   19847     56.5  -58.3    1  -89.6  233   3.1   490.2    0.0
  69 25     5.1   19873     56.2  -58.2    1  -89.5  233   3.1   491.2    0.0
  69 30     5.1   19899     56.0  -58.1    1  -89.5  242   3.1   491.9    0.0
  69 35     5.3   19926     55.8  -58.0    1  -89.4  242   3.1   492.7    0.0
  69 40     5.3   19954     55.5  -58.0    1  -89.4  252   2.9   493.4    0.0
  69 45     5.4   19981     55.3  -58.1    1  -89.5  252   2.9   493.7    0.0
  69 50     5.4   20008     55.1  -58.2    1  -89.6  254   2.7   494.0    0.0
  69 55     5.4   20034     54.8  -58.2    1  -89.5  254   2.7   494.8    0.0
  70  0     5.4   20060     54.6  -58.3    1  -89.6  257   2.7   495.1    0.0
  70  5     5.3   20087     54.4  -58.3    1  -89.6  257   2.7   495.6    0.0
  70 10     5.3   20114     54.1  -58.3    1  -89.6  253   2.8   496.4    0.0
  70 15     5.3   20141     53.9  -58.3    1  -89.6  253   2.8   496.9    0.0
  70 20     5.3   20168     53.7  -58.3    1  -89.6  250   2.7   497.4    0.0
  70 25     5.4   20194     53.4  -58.3    1  -89.6  250   2.7   498.2    0.0
  70 30     5.4   20221     53.2  -58.4    1  -89.7  250   2.7   498.5    0.0
  70 35     5.3   20247     53.0  -58.5    1  -89.8  250   2.7   498.8    0.0
  70 40     5.3   20274     52.8  -58.6    1  -89.9  258   2.8   499.1    0.0
  70 45     5.3   20300     52.6  -58.6    1  -89.8  258   2.8   499.7    0.0
  70 50     5.3   20327     52.3  -58.7    1  -89.9  270   2.9   500.3    0.0
  70 55     5.3   20354     52.1  -58.8    1  -90.0  270   2.9   500.6    0.0
  71  0     5.3   20381     51.9  -58.9    1  -90.1  282   3.3   500.9    0.0
  71  5     5.4   20409     51.6  -58.9    1  -90.0  282   3.3   501.7    0.0
  71 10     5.4   20437     51.4  -59.0    1  -90.1  291   4.1   502.1    0.0
  71 15     5.5   20465     51.2  -59.0    1  -90.1  291   4.1   502.6    0.0
  71 20     5.5   20493     51.0  -59.1    1  -90.2  290   4.7   503.0    0.0
  71 25     5.6   20520     50.7  -59.1    1  -90.2  290   4.7   503.8    0.0
  71 30     5.6   20548     50.5  -59.2    1  -90.3  290   5.1   504.2    0.0
  71 35     5.5   20574     50.3  -59.1    1  -90.2  290   5.1   505.0    0.0
  71 40     5.5   20601     50.1  -59.1    1  -90.2  290   5.0   505.5    0.0
  71 45     5.4   20628     49.9  -59.1    1  -90.2  290   5.0   506.1    0.0
  71 50     5.4   20656     49.7  -59.1    1  -90.2  283   5.0   506.7    0.0
  71 55     5.4   20683     49.4  -59.1    1  -90.2  283   5.0   507.6    0.0
  72  0     5.4   20711     49.2  -59.1    1  -90.2  275   4.9   508.2    0.0
  72  5     5.5   20738     49.0  -59.0    1  -90.1  275   4.9   509.0    0.0
  72 10     5.5   20765     48.8  -59.0    1  -90.1  271   4.5   509.6    0.0
  72 15     5.5   20792     48.6  -58.9    1  -90.0  271   4.5   510.4    0.0
  72 20     5.5   20820     48.4  -58.9    1  -90.1  266   4.3   511.0    0.0
  72 25     5.5   20847     48.2  -58.8    1  -90.0  266   4.3   511.9    0.0
  72 30     5.5   20875     47.9  -58.8    1  -90.0  261   3.7   512.8    0.0
  72 35     5.5   20902     47.7  -58.8    1  -90.0  261   3.7   513.4    0.0
  72 40     5.5   20930     47.5  -58.9    1  -90.1  259   3.3   513.8    0.0
  72 45     5.5   20957     47.3  -58.9    1  -90.0  259   3.3   514.4    0.0
  72 50     5.5   20984     47.1  -59.0    1  -90.1  259   3.1   514.8    0.0
  72 55     5.4   21010     46.9  -59.0    1  -90.1  259   3.1   515.4    0.0
  73  0     5.4   21037     46.7  -59.1    1  -90.2  259   3.0   515.8    0.0
  73  5     5.5   21066     46.5  -59.1    1  -90.2  259   3.0   516.5    0.0
  73 10     5.5   21096     46.3  -59.1    1  -90.2  260   3.1   517.1    0.0
  73 15     5.6   21123     46.1  -59.0    1  -90.1  260   3.1   518.0    0.0
  73 20     5.6   21151     45.9  -59.0    1  -90.1  265   3.5   518.6    0.0
  73 25     5.6   21178     45.7  -58.9    1  -90.0  265   3.5   519.5    0.0
  73 30     5.6   21206     45.5  -58.8    1  -90.0  268   3.6   520.4    0.0
  73 35     5.6   21234     45.3  -58.7    1  -89.9  268   3.6   521.3    0.0
  73 40     5.6   21263     45.1  -58.6    1  -89.9  266   3.4   522.2    0.0
  73 45     5.6   21291     44.9  -58.6    1  -89.8  266   3.4   522.9    0.0
  73 50     5.6   21319     44.7  -58.6    1  -89.9  261   2.7   523.6    0.0
  73 55     5.7   21347     44.5  -58.6    1  -89.8  261   2.7   524.3    0.0
  74  0     5.7   21376     44.3  -58.7    1  -89.9  257   2.2   524.7    0.0
  74  5     5.7   21405     44.1  -58.7    1  -89.9  257   2.2   525.4    0.0
  74 10     5.7   21434     43.9  -58.8    1  -90.0  251   2.2   525.8    0.0
  74 15     5.7   21462     43.7  -58.8    1  -90.0  251   2.2   526.5    0.0
  74 20     5.7   21491     43.5  -58.8    1  -90.0  244   2.7   527.2    0.0
